ENVI ASCII Plot File [Thu Aug 25 11:11:59 2022]
Column 1: Wavelength
Column 2: resonon_pika-L_refl_5.bil (4319,26)~~2##255,0,0
   381.170000  0.241249
   383.200000  0.149681
   385.230000  0.206186
   387.260000  0.139686
   389.290000  0.167963
   391.330000  0.104783
   393.360000  0.149488
   395.390000  0.095369
   397.430000  0.108764
   399.470000  0.106551
   401.500000  0.090997
   403.540000  0.083689
   405.580000  0.081749
   407.620000  0.089716
   409.660000  0.081150
   411.700000  0.081039
   413.740000  0.080511
   415.780000  0.077779
   417.830000  0.075421
   419.870000  0.080390
   421.920000  0.072683
   423.960000  0.076557
   426.010000  0.075181
   428.060000  0.077542
   430.110000  0.079892
   432.160000  0.086413
   434.210000  0.078092
   436.260000  0.082778
   438.310000  0.084843
   440.360000  0.084890
   442.420000  0.085508
   444.470000  0.086072
   446.530000  0.082034
   448.590000  0.086038
   450.640000  0.085447
   452.700000  0.088194
   454.760000  0.092482
   456.820000  0.089445
   458.880000  0.088182
   460.940000  0.096532
   463.000000  0.089820
   465.070000  0.098824
   467.130000  0.100124
   469.200000  0.092286
   471.260000  0.098964
   473.330000  0.102802
   475.400000  0.105076
   477.460000  0.098591
   479.530000  0.100142
   481.600000  0.105901
   483.670000  0.102941
   485.750000  0.102353
   487.820000  0.106085
   489.890000  0.105618
   491.970000  0.103996
   494.040000  0.109256
   496.120000  0.106739
   498.190000  0.114543
   500.270000  0.108047
   502.350000  0.114684
   504.430000  0.114666
   506.510000  0.115408
   508.590000  0.117849
   510.670000  0.114879
   512.750000  0.118790
   514.840000  0.117208
   516.920000  0.124333
   519.010000  0.126557
   521.090000  0.127057
   523.180000  0.129262
   525.270000  0.126290
   527.360000  0.125677
   529.450000  0.134528
   531.540000  0.133106
   533.630000  0.135359
   535.720000  0.134671
   537.810000  0.136626
   539.910000  0.142982
   542.000000  0.142199
   544.090000  0.148596
   546.190000  0.155150
   548.290000  0.158596
   550.390000  0.156662
   552.480000  0.154930
   554.580000  0.169343
   556.680000  0.165738
   558.790000  0.175560
   560.890000  0.180941
   562.990000  0.187516
   565.090000  0.195761
   567.200000  0.199681
   569.310000  0.211101
   571.410000  0.224589
   573.520000  0.221696
   575.630000  0.226010
   577.740000  0.231534
   579.850000  0.242893
   581.960000  0.252704
   584.070000  0.253283
   586.180000  0.268162
   588.290000  0.261328
   590.410000  0.268498
   592.520000  0.266009
   594.640000  0.284559
   596.750000  0.290019
   598.870000  0.293068
   600.990000  0.293673
   603.110000  0.291551
   605.230000  0.300624
   607.350000  0.301556
   609.470000  0.303817
   611.590000  0.309999
   613.720000  0.314326
   615.840000  0.317098
   617.970000  0.317054
   620.090000  0.308805
   622.220000  0.310118
   624.340000  0.317244
   626.470000  0.325708
   628.600000  0.325084
   630.730000  0.325626
   632.860000  0.332295
   635.000000  0.337067
   637.130000  0.331453
   639.260000  0.344134
   641.400000  0.329930
   643.530000  0.343909
   645.670000  0.335139
   647.800000  0.342016
   649.940000  0.337797
   652.080000  0.351566
   654.220000  0.348041
   656.360000  0.345126
   658.500000  0.354003
   660.640000  0.347064
   662.780000  0.350232
   664.930000  0.346100
   667.070000  0.339034
   669.220000  0.353233
   671.360000  0.353656
   673.510000  0.364281
   675.660000  0.354147
   677.810000  0.362913
   679.960000  0.369036
   682.110000  0.352810
   684.260000  0.348066
   686.410000  0.361158
   688.560000  0.372434
   690.720000  0.373356
   692.870000  0.381353
   695.030000  0.383152
   697.180000  0.387389
   699.340000  0.369879
   701.500000  0.371395
   703.660000  0.386470
   705.820000  0.386903
   707.980000  0.386735
   710.140000  0.389800
   712.300000  0.385187
   714.460000  0.381696
   716.630000  0.378946
   718.790000  0.387099
   720.960000  0.375428
   723.130000  0.400616
   725.290000  0.405831
   727.460000  0.402747
   729.630000  0.398582
   731.800000  0.396525
   733.970000  0.400622
   736.140000  0.398403
   738.310000  0.392292
   740.490000  0.399494
   742.660000  0.395718
   744.840000  0.397341
   747.010000  0.411423
   749.190000  0.398952
   751.370000  0.392791
   753.540000  0.395127
   755.720000  0.419620
   757.900000  0.398158
   760.080000  0.367247
   762.270000  0.347045
   764.450000  0.441931
   766.630000  0.442817
   768.820000  0.426685
   771.000000  0.413778
   773.190000  0.412530
   775.370000  0.420280
   777.560000  0.413346
   779.750000  0.397964
   781.940000  0.395251
   784.130000  0.398635
   786.320000  0.414270
   788.510000  0.418366
   790.700000  0.404928
   792.900000  0.399007
   795.090000  0.400867
   797.290000  0.415094
   799.480000  0.421472
   801.680000  0.400169
   803.880000  0.412940
   806.080000  0.394291
   808.280000  0.417553
   810.480000  0.420782
   812.680000  0.412722
   814.880000  0.409618
   817.080000  0.387635
   819.290000  0.424574
   821.490000  0.416105
   823.700000  0.417498
   825.900000  0.436318
   828.110000  0.437967
   830.320000  0.424559
   832.530000  0.421626
   834.740000  0.438424
   836.950000  0.400286
   839.160000  0.408107
   841.370000  0.420076
   843.580000  0.393386
   845.800000  0.421738
   848.010000  0.423767
   850.230000  0.381747
   852.440000  0.442931
   854.660000  0.384791
   856.880000  0.419716
   859.100000  0.410749
   861.320000  0.412053
   863.540000  0.402518
   865.760000  0.394051
   867.980000  0.416149
   870.200000  0.412981
   872.430000  0.463521
   874.650000  0.387663
   876.880000  0.441934
   879.110000  0.433183
   881.330000  0.421474
   883.560000  0.426224
   885.790000  0.420315
   888.020000  0.428233
   890.250000  0.431349
   892.480000  0.360904
   894.710000  0.398918
   896.950000  0.388737
   899.180000  0.441613
   901.420000  0.429828
   903.650000  0.356425
   905.890000  0.484875
   908.130000  0.460036
   910.370000  0.406791
   912.600000  0.365723
   914.840000  0.407484
   917.090000  0.383712
   919.330000  0.360985
   921.570000  0.452471
   923.810000  0.374271
   926.060000  0.415270
   928.300000  0.438312
   930.550000  0.393353
   932.800000  0.380540
   935.040000  0.459855
   937.290000  0.392030
   939.540000  0.495558
   941.790000  0.419500
   944.040000  0.324427
   946.290000  0.336715
   948.550000  0.318580
   950.800000  0.308861
   953.060000  0.392231
   955.310000  0.408667
   957.570000  0.487318
   959.820000  0.396863
   962.080000  0.449570
   964.340000  0.405796
   966.600000  0.441550
   968.860000  0.381526
   971.120000  0.482483
   973.380000  0.373564
   975.650000  0.342598
   977.910000  0.495709
   980.180000  0.430467
   982.440000  0.452388
   984.710000  0.406942
   986.970000  0.472569
   989.240000  0.470509
   991.510000  0.458303
   993.780000  0.392731
   996.050000  0.428057
   998.320000  0.477394
  1000.590000  0.394541
  1002.870000  0.217179
  1005.140000  0.434343
  1007.420000  0.438016
  1009.690000  0.323473
  1011.970000  0.634371
  1014.250000  0.318178
  1016.520000  0.530768
  1018.800000  0.353505
  1021.080000  0.286230
  1023.360000  0.311286
  1025.650000  0.442046
