ENVI ASCII Plot File [Thu Aug 25 11:11:39 2022]
Column 1: Wavelength
Column 2: resonon_pika-L_refl_5.bil (4321,26)~~2##255,0,0
   381.170000  0.120400
   383.200000  0.092802
   385.230000  0.171822
   387.260000  0.091794
   389.290000  0.173096
   391.330000  0.136528
   393.360000  0.154619
   395.390000  0.126761
   397.430000  0.117583
   399.470000  0.103567
   401.500000  0.107907
   403.540000  0.081961
   405.580000  0.100305
   407.620000  0.095168
   409.660000  0.080265
   411.700000  0.081661
   413.740000  0.085220
   415.780000  0.072377
   417.830000  0.073442
   419.870000  0.074788
   421.920000  0.069381
   423.960000  0.078570
   426.010000  0.078825
   428.060000  0.074259
   430.110000  0.079548
   432.160000  0.069317
   434.210000  0.080186
   436.260000  0.075268
   438.310000  0.080524
   440.360000  0.084809
   442.420000  0.077590
   444.470000  0.082051
   446.530000  0.081311
   448.590000  0.084490
   450.640000  0.084228
   452.700000  0.086143
   454.760000  0.087522
   456.820000  0.087002
   458.880000  0.090662
   460.940000  0.091835
   463.000000  0.093775
   465.070000  0.095210
   467.130000  0.092040
   469.200000  0.093223
   471.260000  0.093349
   473.330000  0.097761
   475.400000  0.096040
   477.460000  0.098819
   479.530000  0.103317
   481.600000  0.100541
   483.670000  0.101511
   485.750000  0.099800
   487.820000  0.101471
   489.890000  0.102212
   491.970000  0.102992
   494.040000  0.105162
   496.120000  0.106739
   498.190000  0.113959
   500.270000  0.105969
   502.350000  0.109705
   504.430000  0.105585
   506.510000  0.114818
   508.590000  0.114708
   510.670000  0.116040
   512.750000  0.114027
   514.840000  0.113186
   516.920000  0.117996
   519.010000  0.117851
   521.090000  0.116161
   523.180000  0.121911
   525.270000  0.118743
   527.360000  0.124960
   529.450000  0.123838
   531.540000  0.117194
   533.630000  0.128261
   535.720000  0.130675
   537.810000  0.133646
   539.910000  0.134054
   542.000000  0.138098
   544.090000  0.139090
   546.190000  0.144795
   548.290000  0.147058
   550.390000  0.148576
   552.480000  0.158843
   554.580000  0.153848
   556.680000  0.156537
   558.790000  0.163813
   560.890000  0.168793
   562.990000  0.178708
   565.090000  0.183284
   567.200000  0.188507
   569.310000  0.197479
   571.410000  0.198474
   573.520000  0.201881
   575.630000  0.209864
   577.740000  0.217781
   579.850000  0.226463
   581.960000  0.224062
   584.070000  0.234015
   586.180000  0.242626
   588.290000  0.242493
   590.410000  0.242684
   592.520000  0.257437
   594.640000  0.265579
   596.750000  0.270291
   598.870000  0.263477
   600.990000  0.269066
   603.110000  0.261212
   605.230000  0.268742
   607.350000  0.271566
   609.470000  0.278608
   611.590000  0.286712
   613.720000  0.282588
   615.840000  0.289191
   617.970000  0.283635
   620.090000  0.290412
   622.220000  0.284025
   624.340000  0.287998
   626.470000  0.298025
   628.600000  0.295680
   630.730000  0.294336
   632.860000  0.309212
   635.000000  0.306763
   637.130000  0.300253
   639.260000  0.308537
   641.400000  0.309576
   643.530000  0.315819
   645.670000  0.308383
   647.800000  0.315880
   649.940000  0.312250
   652.080000  0.316972
   654.220000  0.317819
   656.360000  0.316032
   658.500000  0.312531
   660.640000  0.324960
   662.780000  0.313330
   664.930000  0.323966
   667.070000  0.322975
   669.220000  0.322935
   671.360000  0.329304
   673.510000  0.323347
   675.660000  0.332609
   677.810000  0.334093
   679.960000  0.330483
   682.110000  0.334687
   684.260000  0.328720
   686.410000  0.332451
   688.560000  0.342922
   690.720000  0.347741
   692.870000  0.345396
   695.030000  0.342365
   697.180000  0.341512
   699.340000  0.346266
   701.500000  0.338516
   703.660000  0.339239
   705.820000  0.345357
   707.980000  0.340146
   710.140000  0.352962
   712.300000  0.360500
   714.460000  0.363640
   716.630000  0.365757
   718.790000  0.339851
   720.960000  0.369603
   723.130000  0.384653
   725.290000  0.368933
   727.460000  0.364103
   729.630000  0.373969
   731.800000  0.371838
   733.970000  0.358096
   736.140000  0.385063
   738.310000  0.370799
   740.490000  0.366905
   742.660000  0.371395
   744.840000  0.371318
   747.010000  0.383528
   749.190000  0.377112
   751.370000  0.371112
   753.540000  0.382360
   755.720000  0.381531
   757.900000  0.372039
   760.080000  0.349572
   762.270000  0.310873
   764.450000  0.396148
   766.630000  0.419656
   768.820000  0.395709
   771.000000  0.373535
   773.190000  0.390426
   775.370000  0.388681
   777.560000  0.396781
   779.750000  0.377665
   781.940000  0.403177
   784.130000  0.374947
   786.320000  0.381423
   788.510000  0.392159
   790.700000  0.387582
   792.900000  0.385303
   795.090000  0.404307
   797.290000  0.412524
   799.480000  0.391876
   801.680000  0.395885
   803.880000  0.413980
   806.080000  0.392879
   808.280000  0.414715
   810.480000  0.398994
   812.680000  0.386231
   814.880000  0.383419
   817.080000  0.409917
   819.290000  0.400141
   821.490000  0.409338
   823.700000  0.386853
   825.900000  0.381941
   828.110000  0.355601
   830.320000  0.400526
   832.530000  0.410343
   834.740000  0.368508
   836.950000  0.392230
   839.160000  0.412156
   841.370000  0.435823
   843.580000  0.401508
   845.800000  0.423964
   848.010000  0.394884
   850.230000  0.383562
   852.440000  0.411348
   854.660000  0.403605
   856.880000  0.411296
   859.100000  0.424566
   861.320000  0.394949
   863.540000  0.380269
   865.760000  0.373015
   867.980000  0.403730
   870.200000  0.435732
   872.430000  0.390230
   874.650000  0.429803
   876.880000  0.360840
   879.110000  0.395433
   881.330000  0.423420
   883.560000  0.406125
   885.790000  0.449298
   888.020000  0.405481
   890.250000  0.370884
   892.480000  0.364349
   894.710000  0.418567
   896.950000  0.378127
   899.180000  0.415538
   901.420000  0.403504
   903.650000  0.390961
   905.890000  0.466111
   908.130000  0.397107
   910.370000  0.430030
   912.600000  0.376752
   914.840000  0.449128
   917.090000  0.405281
   919.330000  0.388859
   921.570000  0.468756
   923.810000  0.365919
   926.060000  0.389020
   928.300000  0.412773
   930.550000  0.409198
   932.800000  0.431661
   935.040000  0.392980
   937.290000  0.362180
   939.540000  0.419635
   941.790000  0.397217
   944.040000  0.365029
   946.290000  0.450448
   948.550000  0.375308
   950.800000  0.291200
   953.060000  0.401258
   955.310000  0.357595
   957.570000  0.345436
   959.820000  0.415757
   962.080000  0.416074
   964.340000  0.439191
   966.600000  0.297559
   968.860000  0.444276
   971.120000  0.419741
   973.380000  0.439185
   975.650000  0.320899
   977.910000  0.326728
   980.180000  0.367324
   982.440000  0.392070
   984.710000  0.394787
   986.970000  0.351169
   989.240000  0.404259
   991.510000  0.423539
   993.780000  0.312696
   996.050000  0.374558
   998.320000  0.404556
  1000.590000  0.394541
  1002.870000  0.382290
  1005.140000  0.424879
  1007.420000  0.328512
  1009.690000  0.373967
  1011.970000  0.348907
  1014.250000  0.318178
  1016.520000  0.471764
  1018.800000  0.390080
  1021.080000  0.182165
  1023.360000  0.433113
  1025.650000  0.342194
