ENVI ASCII Plot File [Thu Aug 25 11:16:46 2022]
Column 1: Wavelength
Column 2: resonon_pika-L_refl_5.bil (4326,46)~~2##255,0,0
   381.170000  0.170267
   383.200000  0.100073
   385.230000  0.159466
   387.260000  0.069511
   389.290000  0.082698
   391.330000  0.097145
   393.360000  0.071829
   395.390000  0.064374
   397.430000  0.063037
   399.470000  0.053055
   401.500000  0.051251
   403.540000  0.044006
   405.580000  0.040327
   407.620000  0.037239
   409.660000  0.033793
   411.700000  0.039869
   413.740000  0.039842
   415.780000  0.035413
   417.830000  0.026829
   419.870000  0.034138
   421.920000  0.034989
   423.960000  0.026633
   426.010000  0.029379
   428.060000  0.030269
   430.110000  0.030113
   432.160000  0.032231
   434.210000  0.028532
   436.260000  0.028824
   438.310000  0.024891
   440.360000  0.028297
   442.420000  0.028490
   444.470000  0.030973
   446.530000  0.031337
   448.590000  0.029605
   450.640000  0.028753
   452.700000  0.027907
   454.760000  0.029373
   456.820000  0.029620
   458.880000  0.029077
   460.940000  0.029919
   463.000000  0.029468
   465.070000  0.031671
   467.130000  0.031103
   469.200000  0.027873
   471.260000  0.032219
   473.330000  0.029951
   475.400000  0.028341
   477.460000  0.033743
   479.530000  0.032690
   481.600000  0.031318
   483.670000  0.029774
   485.750000  0.030668
   487.820000  0.031309
   489.890000  0.026726
   491.970000  0.031463
   494.040000  0.032212
   496.120000  0.029932
   498.190000  0.032333
   500.270000  0.032768
   502.350000  0.032084
   504.430000  0.030721
   506.510000  0.033302
   508.590000  0.036153
   510.670000  0.031889
   512.750000  0.032536
   514.840000  0.034457
   516.920000  0.033278
   519.010000  0.034526
   521.090000  0.037294
   523.180000  0.032118
   525.270000  0.032431
   527.360000  0.036391
   529.450000  0.036443
   531.540000  0.034514
   533.630000  0.038301
   535.720000  0.035632
   537.810000  0.038476
   539.910000  0.036977
   542.000000  0.038485
   544.090000  0.038622
   546.190000  0.041110
   548.290000  0.039641
   550.390000  0.042262
   552.480000  0.043957
   554.580000  0.045093
   556.680000  0.048013
   558.790000  0.045831
   560.890000  0.046715
   562.990000  0.049772
   565.090000  0.053280
   567.200000  0.051489
   569.310000  0.053795
   571.410000  0.056060
   573.520000  0.057107
   575.630000  0.062790
   577.740000  0.064638
   579.850000  0.062518
   581.960000  0.061241
   584.070000  0.063476
   586.180000  0.065881
   588.290000  0.068568
   590.410000  0.070557
   592.520000  0.067817
   594.640000  0.069172
   596.750000  0.073722
   598.870000  0.073214
   600.990000  0.072211
   603.110000  0.075470
   605.230000  0.077265
   607.350000  0.071066
   609.470000  0.075954
   611.590000  0.078041
   613.720000  0.080593
   615.840000  0.079347
   617.970000  0.080782
   620.090000  0.081098
   622.220000  0.078387
   624.340000  0.083165
   626.470000  0.080210
   628.600000  0.084891
   630.730000  0.084926
   632.860000  0.080718
   635.000000  0.089897
   637.130000  0.088529
   639.260000  0.085320
   641.400000  0.083493
   643.530000  0.086397
   645.670000  0.094818
   647.800000  0.094412
   649.940000  0.092859
   652.080000  0.092702
   654.220000  0.093664
   656.360000  0.096371
   658.500000  0.089006
   660.640000  0.087798
   662.780000  0.089199
   664.930000  0.089216
   667.070000  0.097688
   669.220000  0.093755
   671.360000  0.092935
   673.510000  0.094562
   675.660000  0.097710
   677.810000  0.092551
   679.960000  0.095352
   682.110000  0.095575
   684.260000  0.096729
   686.410000  0.094129
   688.560000  0.098479
   690.720000  0.101409
   692.870000  0.104587
   695.030000  0.106078
   697.180000  0.107578
   699.340000  0.104501
   701.500000  0.102511
   703.660000  0.104081
   705.820000  0.118540
   707.980000  0.105973
   710.140000  0.111131
   712.300000  0.115900
   714.460000  0.112871
   716.630000  0.111094
   718.790000  0.112226
   720.960000  0.115784
   723.130000  0.127754
   725.290000  0.122900
   727.460000  0.118650
   729.630000  0.110982
   731.800000  0.114724
   733.970000  0.125777
   736.140000  0.121132
   738.310000  0.116570
   740.490000  0.114427
   742.660000  0.126150
   744.840000  0.116057
   747.010000  0.126571
   749.190000  0.120368
   751.370000  0.122648
   753.540000  0.122759
   755.720000  0.119285
   757.900000  0.115930
   760.080000  0.115227
   762.270000  0.115250
   764.450000  0.128173
   766.630000  0.143698
   768.820000  0.136150
   771.000000  0.133111
   773.190000  0.123447
   775.370000  0.130423
   777.560000  0.131410
   779.750000  0.133444
   781.940000  0.138039
   784.130000  0.120098
   786.320000  0.134995
   788.510000  0.137622
   790.700000  0.141627
   792.900000  0.141208
   795.090000  0.129532
   797.290000  0.142015
   799.480000  0.138849
   801.680000  0.142837
   803.880000  0.151190
   806.080000  0.147715
   808.280000  0.130285
   810.480000  0.144123
   812.680000  0.155379
   814.880000  0.138449
   817.080000  0.129212
   819.290000  0.133757
   821.490000  0.154333
   823.700000  0.141695
   825.900000  0.146088
   828.110000  0.142091
   830.320000  0.141597
   832.530000  0.133599
   834.740000  0.162258
   836.950000  0.142066
   839.160000  0.164896
   841.370000  0.163876
   843.580000  0.145641
   845.800000  0.165066
   848.010000  0.144861
   850.230000  0.154616
   852.440000  0.156273
   854.660000  0.165693
   856.880000  0.141065
   859.100000  0.170139
   861.320000  0.176124
   863.540000  0.168497
   865.760000  0.158132
   867.980000  0.154596
   870.200000  0.165034
   872.430000  0.178719
   874.650000  0.172101
   876.880000  0.180995
   879.110000  0.172873
   881.330000  0.183334
   883.560000  0.167142
   885.790000  0.166592
   888.020000  0.187041
   890.250000  0.166248
   892.480000  0.148249
   894.710000  0.158392
   896.950000  0.192161
   899.180000  0.142476
   901.420000  0.203880
   903.650000  0.168426
   905.890000  0.168673
   908.130000  0.188298
   910.370000  0.152692
   912.600000  0.189392
   914.840000  0.173638
   917.090000  0.186683
   919.330000  0.176124
   921.570000  0.157830
   923.810000  0.186386
   926.060000  0.225135
   928.300000  0.158265
   930.550000  0.179604
   932.800000  0.186579
   935.040000  0.105041
   937.290000  0.215083
   939.540000  0.114605
   941.790000  0.150713
   944.040000  0.181441
   946.290000  0.169581
   948.550000  0.143194
   950.800000  0.157406
   953.060000  0.280871
   955.310000  0.183385
   957.570000  0.210634
   959.820000  0.209723
   962.080000  0.221672
   964.340000  0.235703
   966.600000  0.229043
   968.860000  0.214952
   971.120000  0.241651
   973.380000  0.216877
   975.650000  0.218763
   977.910000  0.243755
   980.180000  0.174863
   982.440000  0.236912
   984.710000  0.227674
   986.970000  0.219498
   989.240000  0.215554
   991.510000  0.136840
   993.780000  0.233480
   996.050000  0.193949
   998.320000  0.158624
  1000.590000  0.280039
  1002.870000  0.110546
  1005.140000  0.147912
  1007.420000  0.087928
  1009.690000  0.208339
  1011.970000  0.122960
  1014.250000  0.166425
  1016.520000  0.160432
  1018.800000  0.295995
  1021.080000  0.126342
  1023.360000  0.262307
  1025.650000  0.206314
