ENVI ASCII Plot File [Thu Aug 25 11:14:06 2022]
Column 1: Wavelength
Column 2: resonon_pika-L_refl_5.bil (4319,36)~~2##255,0,0
   381.170000  0.106024
   383.200000  0.107343
   385.230000  0.084560
   387.260000  0.134032
   389.290000  0.153134
   391.330000  0.074231
   393.360000  0.111708
   395.390000  0.086627
   397.430000  0.103375
   399.470000  0.100804
   401.500000  0.076964
   403.540000  0.067737
   405.580000  0.068599
   407.620000  0.066663
   409.660000  0.064637
   411.700000  0.065770
   413.740000  0.058365
   415.780000  0.052070
   417.830000  0.048929
   419.870000  0.052045
   421.920000  0.052735
   423.960000  0.050794
   426.010000  0.048141
   428.060000  0.044720
   430.110000  0.049485
   432.160000  0.049327
   434.210000  0.053355
   436.260000  0.050666
   438.310000  0.053905
   440.360000  0.050170
   442.420000  0.049024
   444.470000  0.052129
   446.530000  0.051819
   448.590000  0.052987
   450.640000  0.051038
   452.700000  0.052755
   454.760000  0.058008
   456.820000  0.055077
   458.880000  0.054316
   460.940000  0.051738
   463.000000  0.056034
   465.070000  0.053979
   467.130000  0.054890
   469.200000  0.052769
   471.260000  0.057955
   473.330000  0.057925
   475.400000  0.055024
   477.460000  0.055174
   479.530000  0.056470
   481.600000  0.056373
   483.670000  0.057565
   485.750000  0.056435
   487.820000  0.060421
   489.890000  0.058178
   491.970000  0.056835
   494.040000  0.056608
   496.120000  0.057853
   498.190000  0.062558
   500.270000  0.063166
   502.350000  0.057606
   504.430000  0.059752
   506.510000  0.061129
   508.590000  0.061018
   510.670000  0.063081
   512.750000  0.064540
   514.840000  0.060461
   516.920000  0.062166
   519.010000  0.065763
   521.090000  0.065129
   523.180000  0.069251
   525.270000  0.066425
   527.360000  0.067520
   529.450000  0.067056
   531.540000  0.067765
   533.630000  0.070308
   535.720000  0.065337
   537.810000  0.070021
   539.910000  0.069917
   542.000000  0.070661
   544.090000  0.073772
   546.190000  0.072552
   548.290000  0.076372
   550.390000  0.075507
   552.480000  0.075286
   554.580000  0.072233
   556.680000  0.078120
   558.790000  0.077157
   560.890000  0.082917
   562.990000  0.080650
   565.090000  0.083014
   567.200000  0.081735
   569.310000  0.084115
   571.410000  0.080957
   573.520000  0.087632
   575.630000  0.084870
   577.740000  0.087665
   579.850000  0.092387
   581.960000  0.095836
   584.070000  0.097584
   586.180000  0.099514
   588.290000  0.093188
   590.410000  0.091961
   592.520000  0.097493
   594.640000  0.099961
   596.750000  0.097967
   598.870000  0.101245
   600.990000  0.100109
   603.110000  0.099367
   605.230000  0.105881
   607.350000  0.100985
   609.470000  0.102179
   611.590000  0.102025
   613.720000  0.103624
   615.840000  0.108055
   617.970000  0.102055
   620.090000  0.109610
   622.220000  0.104834
   624.340000  0.102434
   626.470000  0.109257
   628.600000  0.111347
   630.730000  0.111990
   632.860000  0.115231
   635.000000  0.115388
   637.130000  0.109291
   639.260000  0.115910
   641.400000  0.114413
   643.530000  0.112881
   645.670000  0.116327
   647.800000  0.108920
   649.940000  0.112160
   652.080000  0.115802
   654.220000  0.120582
   656.360000  0.114628
   658.500000  0.117664
   660.640000  0.114685
   662.780000  0.120480
   664.930000  0.115845
   667.070000  0.119265
   669.220000  0.120504
   671.360000  0.127264
   673.510000  0.126623
   675.660000  0.121684
   677.810000  0.132582
   679.960000  0.124685
   682.110000  0.127993
   684.260000  0.129695
   686.410000  0.126984
   688.560000  0.128967
   690.720000  0.135563
   692.870000  0.130517
   695.030000  0.137395
   697.180000  0.146649
   699.340000  0.137510
   701.500000  0.132423
   703.660000  0.143682
   705.820000  0.147433
   707.980000  0.135296
   710.140000  0.140856
   712.300000  0.149577
   714.460000  0.150243
   716.630000  0.154554
   718.790000  0.150496
   720.960000  0.163148
   723.130000  0.156613
   725.290000  0.157478
   727.460000  0.156704
   729.630000  0.159674
   731.800000  0.159946
   733.970000  0.154879
   736.140000  0.163077
   738.310000  0.154466
   740.490000  0.161172
   742.660000  0.163482
   744.840000  0.168652
   747.010000  0.165232
   749.190000  0.168208
   751.370000  0.172024
   753.540000  0.159832
   755.720000  0.174617
   757.900000  0.155372
   760.080000  0.148633
   762.270000  0.138645
   764.450000  0.186855
   766.630000  0.206262
   768.820000  0.185415
   771.000000  0.185293
   773.190000  0.174286
   775.370000  0.183504
   777.560000  0.167910
   779.750000  0.172061
   781.940000  0.177812
   784.130000  0.177388
   786.320000  0.182562
   788.510000  0.174431
   790.700000  0.180781
   792.900000  0.184911
   795.090000  0.198893
   797.290000  0.186595
   799.480000  0.186962
   801.680000  0.193632
   803.880000  0.191715
   806.080000  0.181610
   808.280000  0.190986
   810.480000  0.201038
   812.680000  0.188628
   814.880000  0.181224
   817.080000  0.196348
   819.290000  0.191659
   821.490000  0.202888
   823.700000  0.185692
   825.900000  0.193212
   828.110000  0.194767
   830.320000  0.196383
   832.530000  0.210842
   834.740000  0.192026
   836.950000  0.206565
   839.160000  0.206993
   841.370000  0.213491
   843.580000  0.196472
   845.800000  0.214653
   848.010000  0.203241
   850.230000  0.211867
   852.440000  0.198541
   854.660000  0.213978
   856.880000  0.221237
   859.100000  0.196269
   861.320000  0.195192
   863.540000  0.204957
   865.760000  0.203057
   867.980000  0.216200
   870.200000  0.208163
   872.430000  0.203268
   874.650000  0.232550
   876.880000  0.192908
   879.110000  0.182992
   881.330000  0.176157
   883.560000  0.220595
   885.790000  0.205195
   888.020000  0.200717
   890.250000  0.213099
   892.480000  0.217515
   894.710000  0.232060
   896.950000  0.249690
   899.180000  0.203388
   901.420000  0.221405
   903.650000  0.226010
   905.890000  0.206677
   908.130000  0.197019
   910.370000  0.221972
   912.600000  0.255135
   914.840000  0.269302
   917.090000  0.225520
   919.330000  0.239742
   921.570000  0.240261
   923.810000  0.274118
   926.060000  0.194438
   928.300000  0.238675
   930.550000  0.225554
   932.800000  0.242221
   935.040000  0.254665
   937.290000  0.208160
   939.540000  0.281471
   941.790000  0.217748
   944.040000  0.193836
   946.290000  0.275161
   948.550000  0.275494
   950.800000  0.236780
   953.060000  0.196401
   955.310000  0.192937
   957.570000  0.211286
   959.820000  0.191459
   962.080000  0.260605
   964.340000  0.299372
   966.600000  0.221102
   968.860000  0.193198
   971.120000  0.311322
   973.380000  0.205642
   975.650000  0.291914
   977.910000  0.190085
   980.180000  0.210871
   982.440000  0.262858
   984.710000  0.337353
   986.970000  0.316038
   989.240000  0.236126
   991.510000  0.316339
   993.780000  0.193463
   996.050000  0.309156
   998.320000  0.168040
  1000.590000  0.066338
  1002.870000  0.307963
  1005.140000  0.140131
  1007.420000  0.118812
  1009.690000  0.301069
  1011.970000  0.093135
  1014.250000  0.223825
  1016.520000  0.337108
  1018.800000  0.072494
  1021.080000  0.306793
  1023.360000  0.133110
  1025.650000  0.252061
