   398.225000  0.088438
   400.437000  0.065150
   402.649000  0.114404
   404.860000  0.077646
   407.072000  0.108007
   409.284000  0.082746
   411.496000  0.081882
   413.707000  0.057770
   415.919000  0.056991
   418.131000  0.038856
   420.343000  0.067112
   422.554000  0.046102
   424.766000  0.087384
   426.978000  0.047695
   429.190000  0.069031
   431.401000  0.059909
   433.613000  0.057270
   435.825000  0.070494
   438.037000  0.077100
   440.248000  0.022109
   442.460000  0.078680
   444.672000  0.071908
   446.884000  0.075870
   449.095000  0.074963
   451.307000  0.082265
   453.519000  0.074517
   455.731000  0.080951
   457.942000  0.071113
   460.154000  0.085496
   462.366000  0.073848
   464.578000  0.086882
   466.789000  0.083327
   469.001000  0.090558
   471.213000  0.084124
   473.425000  0.090015
   475.636000  0.085630
   477.848000  0.093335
   480.060000  0.082590
   482.272000  0.086652
   484.483000  0.086339
   486.695000  0.081323
   488.907000  0.090998
   491.119000  0.089274
   493.330000  0.090985
   495.542000  0.096406
   497.754000  0.092439
   499.966000  0.086508
   502.177000  0.091857
   504.389000  0.094190
   506.601000  0.091961
   508.813000  0.099132
   511.024000  0.101482
   513.236000  0.099716
   515.448000  0.096343
   517.660000  0.100227
   519.871000  0.102944
   522.083000  0.100748
   524.295000  0.098951
   526.507000  0.110735
   528.718000  0.109212
   530.930000  0.100054
   533.142000  0.111721
   535.354000  0.108778
   537.565000  0.115105
   539.777000  0.109172
   541.989000  0.118162
   544.201000  0.113674
   546.412000  0.124501
   548.624000  0.128476
   550.836000  0.126434
   553.048000  0.133781
   555.259000  0.135749
   557.471000  0.149465
   559.683000  0.143753
   561.895000  0.150449
   564.106000  0.148493
   566.318000  0.157716
   568.530000  0.169927
   570.742000  0.170057
   572.953000  0.172318
   575.165000  0.178615
   577.377000  0.189898
   579.589000  0.195720
   581.800000  0.200964
   584.012000  0.198827
   586.224000  0.193222
   588.436000  0.205859
   590.647000  0.215576
   592.859000  0.210783
   595.071000  0.208325
   597.283000  0.219111
   599.494000  0.213670
   601.706000  0.221160
   603.918000  0.215717
   606.130000  0.215036
   608.341000  0.227011
   610.553000  0.232781
   612.765000  0.233757
   614.977000  0.236973
   617.188000  0.238686
   619.400000  0.240035
   621.612000  0.235276
   623.824000  0.236497
   626.035000  0.236716
   628.247000  0.240159
   630.459000  0.238018
   632.671000  0.240234
   634.882000  0.239878
   637.094000  0.235177
   639.306000  0.253644
   641.518000  0.259330
   643.729000  0.253194
   645.941000  0.243918
   648.153000  0.246358
   650.365000  0.252000
   652.576000  0.249972
   654.788000  0.246244
   657.000000  0.258028
   659.212000  0.268309
   661.423000  0.258678
   663.635000  0.250950
   665.847000  0.259210
   668.059000  0.255609
   670.270000  0.261207
   672.482000  0.260575
   674.694000  0.260622
   676.906000  0.257278
   679.117000  0.267460
   681.329000  0.255620
   683.541000  0.263541
   685.753000  0.276754
   687.964000  0.268524
   690.176000  0.265884
   692.388000  0.271717
   694.600000  0.277797
   696.811000  0.273204
   699.023000  0.262693
   701.235000  0.282853
   703.447000  0.275394
   705.658000  0.283653
   707.870000  0.285035
   710.082000  0.283080
   712.294000  0.271643
   714.505000  0.267778
   716.717000  0.286896
   718.929000  0.295053
   721.141000  0.285928
   723.352000  0.282418
   725.564000  0.287177
   727.776000  0.281725
   729.988000  0.279676
   732.199000  0.285469
   734.411000  0.292237
   736.623000  0.297144
   738.835000  0.285665
   741.046000  0.299391
   743.258000  0.296432
   745.470000  0.286762
   747.682000  0.299127
   749.893000  0.313861
   752.105000  0.291284
   754.317000  0.297764
   756.529000  0.292191
   758.740000  0.289335
   760.952000  0.290357
   763.164000  0.281256
   765.376000  0.288114
   767.587000  0.298724
   769.799000  0.302119
   772.011000  0.303681
   774.223000  0.305244
   776.434000  0.298389
   778.646000  0.303797
   780.858000  0.301647
   783.070000  0.305169
   785.281000  0.291242
   787.493000  0.301273
   789.705000  0.299505
   791.917000  0.311977
   794.128000  0.305845
   796.340000  0.313123
   798.552000  0.304610
   800.764000  0.304511
   802.975000  0.300834
   805.187000  0.303097
   807.399000  0.298461
   809.611000  0.306947
   811.822000  0.308074
   814.034000  0.321655
   816.246000  0.302933
   818.458000  0.306004
   820.669000  0.310359
   822.881000  0.317113
   825.093000  0.282083
   827.305000  0.312066
   829.516000  0.298696
   831.728000  0.302644
   833.940000  0.300526
   836.152000  0.312378
   838.363000  0.298485
   840.575000  0.287034
   842.787000  0.296448
   844.999000  0.322971
   847.210000  0.307584
   849.422000  0.318625
   851.634000  0.309589
   853.846000  0.304487
   856.057000  0.298637
   858.269000  0.280984
   860.481000  0.297363
   862.693000  0.317661
   864.904000  0.311949
   867.116000  0.289824
   869.328000  0.312923
   871.540000  0.341279
   873.751000  0.303939
   875.963000  0.313812
   878.175000  0.322974
   880.387000  0.314444
   882.598000  0.293447
   884.810000  0.342738
   887.022000  0.289600
   889.234000  0.323978
   891.445000  0.282335
   893.657000  0.312958
   895.869000  0.296166
   898.081000  0.290800
   900.292000  0.313968
   902.504000  0.293002
   904.716000  0.300799
   906.928000  0.302800
   909.139000  0.327493
   911.351000  0.307685
   913.563000  0.285437
   915.775000  0.330240
   917.986000  0.283121
   920.198000  0.319654
   922.410000  0.278908
   924.622000  0.307052
   926.833000  0.301030
   929.045000  0.300658
   931.257000  0.322493
   933.469000  0.345217
   935.680000  0.367169
   937.892000  0.296396
   940.104000  0.333422
   942.316000  0.345548
   944.527000  0.282857
   946.739000  0.309892
   948.951000  0.324196
   951.163000  0.335340
   953.374000  0.302612
   955.586000  0.374696
   957.798000  0.361490
   960.010000  0.304236
   962.221000  0.336878
   964.433000  0.330930
   966.645000  0.307236
   968.857000  0.304349
   971.068000  0.280677
   973.280000  0.349450
   975.492000  0.269965
   977.704000  0.359806
   979.915000  0.314970
   982.127000  0.233882
   984.339000  0.358183
   986.551000  0.243401
   988.762000  0.244189
   990.974000  0.357136
   993.186000  0.355158
   995.398000  0.314748
   997.609000  0.314487
   999.821000  0.389013
  1002.030000  0.273697
