ENVI ASCII Plot File [Thu Aug 25 10:49:57 2022]
Column 1: Wavelength
Column 2: headwall_nano_refl_24432 (1469,171)~~2##255,0,0
   398.225000  0.000000
   400.437000  0.092064
   402.649000  0.064270
   404.860000  0.067766
   407.072000  0.072963
   409.284000  0.059292
   411.496000  0.064808
   413.707000  0.085621
   415.919000  0.073790
   418.131000  0.055711
   420.343000  0.081375
   422.554000  0.069602
   424.766000  0.059305
   426.978000  0.072927
   429.190000  0.080497
   431.401000  0.071567
   433.613000  0.092967
   435.825000  0.085258
   438.037000  0.081674
   440.248000  0.085067
   442.460000  0.103093
   444.672000  0.083927
   446.884000  0.097093
   449.095000  0.087842
   451.307000  0.094177
   453.519000  0.101539
   455.731000  0.105588
   457.942000  0.098338
   460.154000  0.091412
   462.366000  0.104697
   464.578000  0.091314
   466.789000  0.100601
   469.001000  0.099989
   471.213000  0.092963
   473.425000  0.104878
   475.636000  0.098348
   477.848000  0.110429
   480.060000  0.103060
   482.272000  0.104717
   484.483000  0.105321
   486.695000  0.099418
   488.907000  0.108193
   491.119000  0.109890
   493.330000  0.111039
   495.542000  0.111340
   497.754000  0.110880
   499.966000  0.107859
   502.177000  0.107615
   504.389000  0.111461
   506.601000  0.100459
   508.813000  0.121062
   511.024000  0.106096
   513.236000  0.113588
   515.448000  0.114597
   517.660000  0.114343
   519.871000  0.117029
   522.083000  0.116348
   524.295000  0.115674
   526.507000  0.118207
   528.718000  0.121185
   530.930000  0.119240
   533.142000  0.127778
   535.354000  0.136996
   537.565000  0.135396
   539.777000  0.144004
   541.989000  0.126986
   544.201000  0.135085
   546.412000  0.144214
   548.624000  0.143937
   550.836000  0.143966
   553.048000  0.146019
   555.259000  0.163766
   557.471000  0.161496
   559.683000  0.156739
   561.895000  0.163322
   564.106000  0.163515
   566.318000  0.178438
   568.530000  0.184427
   570.742000  0.184618
   572.953000  0.188024
   575.165000  0.195648
   577.377000  0.202014
   579.589000  0.210751
   581.800000  0.207790
   584.012000  0.222762
   586.224000  0.222119
   588.436000  0.228187
   590.647000  0.228455
   592.859000  0.231325
   595.071000  0.247386
   597.283000  0.231416
   599.494000  0.246214
   601.706000  0.245335
   603.918000  0.247278
   606.130000  0.238478
   608.341000  0.253684
   610.553000  0.255159
   612.765000  0.255333
   614.977000  0.256007
   617.188000  0.259133
   619.400000  0.250548
   621.612000  0.259960
   623.824000  0.262331
   626.035000  0.266425
   628.247000  0.253263
   630.459000  0.261759
   632.671000  0.265745
   634.882000  0.271011
   637.094000  0.266585
   639.306000  0.277872
   641.518000  0.253849
   643.729000  0.274708
   645.941000  0.271501
   648.153000  0.267874
   650.365000  0.263510
   652.576000  0.287168
   654.788000  0.267835
   657.000000  0.269545
   659.212000  0.278335
   661.423000  0.278660
   663.635000  0.276892
   665.847000  0.275934
   668.059000  0.262355
   670.270000  0.268892
   672.482000  0.272978
   674.694000  0.290360
   676.906000  0.275559
   679.117000  0.268659
   681.329000  0.277664
   683.541000  0.284522
   685.753000  0.278703
   687.964000  0.287668
   690.176000  0.281796
   692.388000  0.284204
   694.600000  0.293139
   696.811000  0.283689
   699.023000  0.288019
   701.235000  0.283395
   703.447000  0.287120
   705.658000  0.284422
   707.870000  0.287733
   710.082000  0.291544
   712.294000  0.295089
   714.505000  0.281573
   716.717000  0.300548
   718.929000  0.297640
   721.141000  0.286484
   723.352000  0.291374
   725.564000  0.283621
   727.776000  0.292005
   729.988000  0.299718
   732.199000  0.297390
   734.411000  0.294209
   736.623000  0.291287
   738.835000  0.299994
   741.046000  0.304595
   743.258000  0.309901
   745.470000  0.303102
   747.682000  0.312309
   749.893000  0.304932
   752.105000  0.300266
   754.317000  0.302815
   756.529000  0.302088
   758.740000  0.289595
   760.952000  0.293348
   763.164000  0.292419
   765.376000  0.296914
   767.587000  0.300078
   769.799000  0.289175
   772.011000  0.305491
   774.223000  0.315678
   776.434000  0.306906
   778.646000  0.305248
   780.858000  0.304229
   783.070000  0.302563
   785.281000  0.291842
   787.493000  0.301825
   789.705000  0.306209
   791.917000  0.300037
   794.128000  0.308283
   796.340000  0.297009
   798.552000  0.294644
   800.764000  0.309429
   802.975000  0.295452
   805.187000  0.301257
   807.399000  0.298915
   809.611000  0.319815
   811.822000  0.320838
   814.034000  0.291308
   816.246000  0.291932
   818.458000  0.303906
   820.669000  0.291936
   822.881000  0.318020
   825.093000  0.298300
   827.305000  0.301275
   829.516000  0.293534
   831.728000  0.295497
   833.940000  0.286169
   836.152000  0.290533
   838.363000  0.300960
   840.575000  0.289804
   842.787000  0.325409
   844.999000  0.286127
   847.210000  0.309080
   849.422000  0.303050
   851.634000  0.269064
   853.846000  0.288195
   856.057000  0.288876
   858.269000  0.297245
   860.481000  0.288215
   862.693000  0.289722
   864.904000  0.288306
   867.116000  0.297185
   869.328000  0.285839
   871.540000  0.310203
   873.751000  0.282153
   875.963000  0.283832
   878.175000  0.281296
   880.387000  0.283294
   882.598000  0.272691
   884.810000  0.310758
   887.022000  0.285215
   889.234000  0.289096
   891.445000  0.312034
   893.657000  0.305295
   895.869000  0.279928
   898.081000  0.292396
   900.292000  0.273959
   902.504000  0.294042
   904.716000  0.280701
   906.928000  0.299011
   909.139000  0.304493
   911.351000  0.316103
   913.563000  0.276333
   915.775000  0.301217
   917.986000  0.281624
   920.198000  0.307931
   922.410000  0.294307
   924.622000  0.272163
   926.833000  0.323276
   929.045000  0.315756
   931.257000  0.300473
   933.469000  0.323718
   935.680000  0.266353
   937.892000  0.300435
   940.104000  0.295077
   942.316000  0.314283
   944.527000  0.357582
   946.739000  0.324756
   948.951000  0.326556
   951.163000  0.371020
   953.374000  0.315813
   955.586000  0.337937
   957.798000  0.301292
   960.010000  0.404450
   962.221000  0.309522
   964.433000  0.338570
   966.645000  0.303056
   968.857000  0.303849
   971.068000  0.246474
   973.280000  0.253135
   975.492000  0.348115
   977.704000  0.303246
   979.915000  0.354227
   982.127000  0.294049
   984.339000  0.365894
   986.551000  0.388807
   988.762000  0.392009
   990.974000  0.349595
   993.186000  0.357470
   995.398000  0.256170
   997.609000  0.378843
   999.821000  0.329306
  1002.030000  0.333356
