ENVI ASCII Plot File [Thu Aug 25 11:00:02 2022]
Column 1: Wavelength
Column 2: headwall_nano_refl_24432 (1470,195)~~2##255,0,0
   398.225000  0.051015
   400.437000  0.037413
   402.649000  0.054722
   404.860000  0.042180
   407.072000  0.050678
   409.284000  0.054410
   411.496000  0.047011
   413.707000  0.046681
   415.919000  0.023897
   418.131000  0.038150
   420.343000  0.035946
   422.554000  0.046320
   424.766000  0.039693
   426.978000  0.042384
   429.190000  0.038136
   431.401000  0.041420
   433.613000  0.036031
   435.825000  0.038786
   438.037000  0.038783
   440.248000  0.044980
   442.460000  0.047713
   444.672000  0.046683
   446.884000  0.048852
   449.095000  0.050685
   451.307000  0.056817
   453.519000  0.048285
   455.731000  0.051658
   457.942000  0.055365
   460.154000  0.052325
   462.366000  0.052203
   464.578000  0.053529
   466.789000  0.052082
   469.001000  0.055507
   471.213000  0.049245
   473.425000  0.051216
   475.636000  0.052059
   477.848000  0.051341
   480.060000  0.049862
   482.272000  0.053196
   484.483000  0.050675
   486.695000  0.052286
   488.907000  0.051433
   491.119000  0.056868
   493.330000  0.054581
   495.542000  0.055604
   497.754000  0.055379
   499.966000  0.057273
   502.177000  0.052554
   504.389000  0.058782
   506.601000  0.053775
   508.813000  0.058527
   511.024000  0.056624
   513.236000  0.057815
   515.448000  0.057719
   517.660000  0.059147
   519.871000  0.057685
   522.083000  0.059093
   524.295000  0.058790
   526.507000  0.060077
   528.718000  0.061321
   530.930000  0.063599
   533.142000  0.059811
   535.354000  0.065156
   537.565000  0.063671
   539.777000  0.065094
   541.989000  0.060686
   544.201000  0.067980
   546.412000  0.066527
   548.624000  0.070368
   550.836000  0.068914
   553.048000  0.073250
   555.259000  0.071337
   557.471000  0.074808
   559.683000  0.072387
   561.895000  0.077722
   564.106000  0.075905
   566.318000  0.078188
   568.530000  0.078750
   570.742000  0.082906
   572.953000  0.080109
   575.165000  0.086922
   577.377000  0.084534
   579.589000  0.088251
   581.800000  0.090093
   584.012000  0.093237
   586.224000  0.090269
   588.436000  0.091820
   590.647000  0.092768
   592.859000  0.096189
   595.071000  0.096041
   597.283000  0.099046
   599.494000  0.097416
   601.706000  0.102999
   603.918000  0.098553
   606.130000  0.103973
   608.341000  0.098798
   610.553000  0.100826
   612.765000  0.100518
   614.977000  0.102968
   617.188000  0.101436
   619.400000  0.102355
   621.612000  0.102493
   623.824000  0.106286
   626.035000  0.105061
   628.247000  0.105833
   630.459000  0.105748
   632.671000  0.110075
   634.882000  0.106009
   637.094000  0.110681
   639.306000  0.109052
   641.518000  0.109206
   643.729000  0.106637
   645.941000  0.110251
   648.153000  0.107714
   650.365000  0.109949
   652.576000  0.106050
   654.788000  0.110980
   657.000000  0.100997
   659.212000  0.111117
   661.423000  0.109736
   663.635000  0.107390
   665.847000  0.107223
   668.059000  0.104642
   670.270000  0.105972
   672.482000  0.106895
   674.694000  0.106211
   676.906000  0.109045
   679.117000  0.103663
   681.329000  0.111753
   683.541000  0.110702
   685.753000  0.112867
   687.964000  0.114552
   690.176000  0.112768
   692.388000  0.114652
   694.600000  0.121247
   696.811000  0.122884
   699.023000  0.127072
   701.235000  0.126789
   703.447000  0.130392
   705.658000  0.134064
   707.870000  0.135037
   710.082000  0.134687
   712.294000  0.136552
   714.505000  0.135573
   716.717000  0.142665
   718.929000  0.144945
   721.141000  0.149225
   723.352000  0.139080
   725.564000  0.143869
   727.776000  0.141555
   729.988000  0.149246
   732.199000  0.147412
   734.411000  0.154748
   736.623000  0.149265
   738.835000  0.149520
   741.046000  0.149099
   743.258000  0.156523
   745.470000  0.144171
   747.682000  0.150439
   749.893000  0.153415
   752.105000  0.156599
   754.317000  0.153357
   756.529000  0.155730
   758.740000  0.150098
   760.952000  0.151313
   763.164000  0.145856
   765.376000  0.154722
   767.587000  0.153101
   769.799000  0.155755
   772.011000  0.150193
   774.223000  0.154434
   776.434000  0.152541
   778.646000  0.157361
   780.858000  0.157977
   783.070000  0.158998
   785.281000  0.150216
   787.493000  0.152627
   789.705000  0.155778
   791.917000  0.151525
   794.128000  0.153096
   796.340000  0.157054
   798.552000  0.150507
   800.764000  0.158564
   802.975000  0.156984
   805.187000  0.162101
   807.399000  0.151256
   809.611000  0.164203
   811.822000  0.156462
   814.034000  0.153246
   816.246000  0.151432
   818.458000  0.154753
   820.669000  0.148389
   822.881000  0.154028
   825.093000  0.148827
   827.305000  0.166114
   829.516000  0.158851
   831.728000  0.155098
   833.940000  0.159472
   836.152000  0.152006
   838.363000  0.157707
   840.575000  0.159592
   842.787000  0.147474
   844.999000  0.160004
   847.210000  0.164992
   849.422000  0.158535
   851.634000  0.157438
   853.846000  0.159520
   856.057000  0.162973
   858.269000  0.156230
   860.481000  0.167706
   862.693000  0.169951
   864.904000  0.167610
   867.116000  0.165198
   869.328000  0.161067
   871.540000  0.167328
   873.751000  0.173521
   875.963000  0.163652
   878.175000  0.166497
   880.387000  0.175608
   882.598000  0.161607
   884.810000  0.173424
   887.022000  0.164702
   889.234000  0.165531
   891.445000  0.160971
   893.657000  0.178883
   895.869000  0.170318
   898.081000  0.165625
   900.292000  0.161795
   902.504000  0.173243
   904.716000  0.171160
   906.928000  0.168015
   909.139000  0.186516
   911.351000  0.179556
   913.563000  0.162406
   915.775000  0.168384
   917.986000  0.185759
   920.198000  0.176056
   922.410000  0.178732
   924.622000  0.178896
   926.833000  0.175766
   929.045000  0.163123
   931.257000  0.202187
   933.469000  0.162568
   935.680000  0.193848
   937.892000  0.186046
   940.104000  0.173340
   942.316000  0.163640
   944.527000  0.167607
   946.739000  0.191909
   948.951000  0.170939
   951.163000  0.156987
   953.374000  0.190024
   955.586000  0.155681
   957.798000  0.168739
   960.010000  0.154565
   962.221000  0.182132
   964.433000  0.194632
   966.645000  0.155346
   968.857000  0.191320
   971.068000  0.179682
   973.280000  0.196237
   975.492000  0.201005
   977.704000  0.192478
   979.915000  0.190146
   982.127000  0.164909
   984.339000  0.211506
   986.551000  0.194423
   988.762000  0.197385
   990.974000  0.208560
   993.186000  0.194323
   995.398000  0.170323
   997.609000  0.198821
   999.821000  0.177021
  1002.030000  0.184578
