ENVI ASCII Plot File [Thu Aug 25 11:01:38 2022]
Column 1: Wavelength
Column 2: headwall_nano_refl_24432 (1484,194)~~2##255,0,0
   398.225000  0.052553
   400.437000  0.030450
   402.649000  0.044292
   404.860000  0.034908
   407.072000  0.033393
   409.284000  0.037102
   411.496000  0.045606
   413.707000  0.033372
   415.919000  0.028087
   418.131000  0.029915
   420.343000  0.029941
   422.554000  0.035289
   424.766000  0.037391
   426.978000  0.024712
   429.190000  0.032340
   431.401000  0.027284
   433.613000  0.029917
   435.825000  0.032612
   438.037000  0.037335
   440.248000  0.035543
   442.460000  0.038158
   444.672000  0.031127
   446.884000  0.036505
   449.095000  0.042685
   451.307000  0.040056
   453.519000  0.034370
   455.731000  0.038486
   457.942000  0.030905
   460.154000  0.041227
   462.366000  0.040831
   464.578000  0.040530
   466.789000  0.036189
   469.001000  0.042082
   471.213000  0.041784
   473.425000  0.041178
   475.636000  0.041266
   477.848000  0.040721
   480.060000  0.043408
   482.272000  0.042369
   484.483000  0.042126
   486.695000  0.045561
   488.907000  0.045352
   491.119000  0.042288
   493.330000  0.045441
   495.542000  0.044903
   497.754000  0.043718
   499.966000  0.046187
   502.177000  0.043970
   504.389000  0.046150
   506.601000  0.047040
   508.813000  0.045850
   511.024000  0.046952
   513.236000  0.050003
   515.448000  0.049219
   517.660000  0.051390
   519.871000  0.048131
   522.083000  0.052698
   524.295000  0.049244
   526.507000  0.051167
   528.718000  0.053276
   530.930000  0.054861
   533.142000  0.054020
   535.354000  0.057992
   537.565000  0.055727
   539.777000  0.056797
   541.989000  0.054946
   544.201000  0.058110
   546.412000  0.058208
   548.624000  0.061455
   550.836000  0.059355
   553.048000  0.062754
   555.259000  0.064076
   557.471000  0.065875
   559.683000  0.067969
   561.895000  0.071560
   564.106000  0.071876
   566.318000  0.073293
   568.530000  0.075961
   570.742000  0.080064
   572.953000  0.079934
   575.165000  0.081673
   577.377000  0.086963
   579.589000  0.087359
   581.800000  0.086509
   584.012000  0.088596
   586.224000  0.089179
   588.436000  0.096473
   590.647000  0.094106
   592.859000  0.095429
   595.071000  0.096660
   597.283000  0.099418
   599.494000  0.100492
   601.706000  0.103322
   603.918000  0.100525
   606.130000  0.103781
   608.341000  0.102296
   610.553000  0.103782
   612.765000  0.102013
   614.977000  0.105821
   617.188000  0.100616
   619.400000  0.104210
   621.612000  0.102770
   623.824000  0.106091
   626.035000  0.104360
   628.247000  0.109220
   630.459000  0.105133
   632.671000  0.107542
   634.882000  0.105893
   637.094000  0.107685
   639.306000  0.105169
   641.518000  0.108886
   643.729000  0.106417
   645.941000  0.111302
   648.153000  0.106994
   650.365000  0.110573
   652.576000  0.105528
   654.788000  0.109452
   657.000000  0.103451
   659.212000  0.110626
   661.423000  0.108410
   663.635000  0.112252
   665.847000  0.106877
   668.059000  0.112092
   670.270000  0.105162
   672.482000  0.108228
   674.694000  0.108998
   676.906000  0.109797
   679.117000  0.107689
   681.329000  0.111012
   683.541000  0.111236
   685.753000  0.112424
   687.964000  0.104215
   690.176000  0.112887
   692.388000  0.110124
   694.600000  0.111864
   696.811000  0.112274
   699.023000  0.114453
   701.235000  0.114494
   703.447000  0.115723
   705.658000  0.115903
   707.870000  0.116414
   710.082000  0.110541
   712.294000  0.123768
   714.505000  0.113762
   716.717000  0.118958
   718.929000  0.113226
   721.141000  0.120217
   723.352000  0.115073
   725.564000  0.119612
   727.776000  0.116535
   729.988000  0.119530
   732.199000  0.116199
   734.411000  0.121876
   736.623000  0.117511
   738.835000  0.121683
   741.046000  0.117837
   743.258000  0.123848
   745.470000  0.119417
   747.682000  0.127267
   749.893000  0.119541
   752.105000  0.122270
   754.317000  0.119094
   756.529000  0.126018
   758.740000  0.118438
   760.952000  0.116213
   763.164000  0.112622
   765.376000  0.123274
   767.587000  0.120163
   769.799000  0.125236
   772.011000  0.120974
   774.223000  0.123232
   776.434000  0.123851
   778.646000  0.130883
   780.858000  0.121502
   783.070000  0.130155
   785.281000  0.120726
   787.493000  0.125737
   789.705000  0.125023
   791.917000  0.128714
   794.128000  0.122340
   796.340000  0.131552
   798.552000  0.122177
   800.764000  0.124438
   802.975000  0.127617
   805.187000  0.122744
   807.399000  0.120957
   809.611000  0.127956
   811.822000  0.122928
   814.034000  0.125354
   816.246000  0.122205
   818.458000  0.122552
   820.669000  0.120848
   822.881000  0.122791
   825.093000  0.130614
   827.305000  0.128832
   829.516000  0.117186
   831.728000  0.121987
   833.940000  0.123555
   836.152000  0.118392
   838.363000  0.114759
   840.575000  0.125933
   842.787000  0.121526
   844.999000  0.135527
   847.210000  0.120379
   849.422000  0.129625
   851.634000  0.124909
   853.846000  0.129002
   856.057000  0.126628
   858.269000  0.122548
   860.481000  0.130320
   862.693000  0.130848
   864.904000  0.125754
   867.116000  0.128604
   869.328000  0.123167
   871.540000  0.132955
   873.751000  0.126970
   875.963000  0.134297
   878.175000  0.123412
   880.387000  0.142693
   882.598000  0.129016
   884.810000  0.130916
   887.022000  0.126840
   889.234000  0.128117
   891.445000  0.142415
   893.657000  0.136688
   895.869000  0.132400
   898.081000  0.132145
   900.292000  0.138135
   902.504000  0.132608
   904.716000  0.136694
   906.928000  0.134019
   909.139000  0.142431
   911.351000  0.127245
   913.563000  0.143585
   915.775000  0.128042
   917.986000  0.120257
   920.198000  0.149561
   922.410000  0.137747
   924.622000  0.139689
   926.833000  0.135859
   929.045000  0.150694
   931.257000  0.141043
   933.469000  0.128277
   935.680000  0.138422
   937.892000  0.173494
   940.104000  0.161505
   942.316000  0.154773
   944.527000  0.147688
   946.739000  0.139190
   948.951000  0.120338
   951.163000  0.159420
   953.374000  0.156681
   955.586000  0.139397
   957.798000  0.156305
   960.010000  0.141318
   962.221000  0.176144
   964.433000  0.145550
   966.645000  0.129247
   968.857000  0.148478
   971.068000  0.147671
   973.280000  0.154631
   975.492000  0.155410
   977.704000  0.152095
   979.915000  0.132161
   982.127000  0.158574
   984.339000  0.149917
   986.551000  0.146693
   988.762000  0.177740
   990.974000  0.164573
   993.186000  0.178991
   995.398000  0.172726
   997.609000  0.184498
   999.821000  0.160868
  1002.030000  0.151163
