ENVI ASCII Plot File [Thu Aug 25 10:54:39 2022]
Column 1: Wavelength
Column 2: headwall_nano_refl_24432 (1461,178)~~2##255,0,0
   398.225000  0.042350
   400.437000  0.071464
   402.649000  0.063810
   404.860000  0.068587
   407.072000  0.058093
   409.284000  0.060974
   411.496000  0.066905
   413.707000  0.067238
   415.919000  0.044136
   418.131000  0.057637
   420.343000  0.037142
   422.554000  0.057206
   424.766000  0.058645
   426.978000  0.048911
   429.190000  0.060705
   431.401000  0.044864
   433.613000  0.056503
   435.825000  0.063148
   438.037000  0.065892
   440.248000  0.062851
   442.460000  0.065508
   444.672000  0.063858
   446.884000  0.070251
   449.095000  0.070458
   451.307000  0.075214
   453.519000  0.075040
   455.731000  0.070376
   457.942000  0.068356
   460.154000  0.073363
   462.366000  0.071090
   464.578000  0.072627
   466.789000  0.070935
   469.001000  0.079145
   471.213000  0.073710
   473.425000  0.075556
   475.636000  0.076884
   477.848000  0.074265
   480.060000  0.075460
   482.272000  0.076224
   484.483000  0.077476
   486.695000  0.081220
   488.907000  0.079287
   491.119000  0.081226
   493.330000  0.080813
   495.542000  0.079139
   497.754000  0.080711
   499.966000  0.082653
   502.177000  0.081045
   504.389000  0.085106
   506.601000  0.081084
   508.813000  0.083675
   511.024000  0.080528
   513.236000  0.084907
   515.448000  0.084129
   517.660000  0.087192
   519.871000  0.085218
   522.083000  0.089922
   524.295000  0.087468
   526.507000  0.086495
   528.718000  0.088117
   530.930000  0.093084
   533.142000  0.089190
   535.354000  0.097066
   537.565000  0.091918
   539.777000  0.094133
   541.989000  0.096893
   544.201000  0.098611
   546.412000  0.098225
   548.624000  0.101291
   550.836000  0.100448
   553.048000  0.107867
   555.259000  0.107816
   557.471000  0.108674
   559.683000  0.111790
   561.895000  0.117822
   564.106000  0.116065
   566.318000  0.118286
   568.530000  0.119958
   570.742000  0.123727
   572.953000  0.124775
   575.165000  0.130916
   577.377000  0.131651
   579.589000  0.133021
   581.800000  0.136587
   584.012000  0.140727
   586.224000  0.140349
   588.436000  0.141500
   590.647000  0.143539
   592.859000  0.145022
   595.071000  0.147559
   597.283000  0.148320
   599.494000  0.149820
   601.706000  0.153168
   603.918000  0.149396
   606.130000  0.155427
   608.341000  0.152345
   610.553000  0.154644
   612.765000  0.156517
   614.977000  0.158961
   617.188000  0.158025
   619.400000  0.154140
   621.612000  0.155755
   623.824000  0.164410
   626.035000  0.160282
   628.247000  0.159680
   630.459000  0.157813
   632.671000  0.164632
   634.882000  0.158069
   637.094000  0.164157
   639.306000  0.162440
   641.518000  0.160467
   643.729000  0.161640
   645.941000  0.163841
   648.153000  0.164058
   650.365000  0.165792
   652.576000  0.163565
   654.788000  0.164410
   657.000000  0.162883
   659.212000  0.163405
   661.423000  0.165979
   663.635000  0.167068
   665.847000  0.164602
   668.059000  0.165148
   670.270000  0.164799
   672.482000  0.172272
   674.694000  0.167113
   676.906000  0.170422
   679.117000  0.164238
   681.329000  0.173524
   683.541000  0.170073
   685.753000  0.170118
   687.964000  0.166675
   690.176000  0.173775
   692.388000  0.169139
   694.600000  0.172229
   696.811000  0.172227
   699.023000  0.172927
   701.235000  0.173828
   703.447000  0.177279
   705.658000  0.175412
   707.870000  0.175033
   710.082000  0.173086
   712.294000  0.184418
   714.505000  0.176329
   716.717000  0.181933
   718.929000  0.173663
   721.141000  0.176720
   723.352000  0.176105
   725.564000  0.185062
   727.776000  0.177118
   729.988000  0.183125
   732.199000  0.180357
   734.411000  0.181257
   736.623000  0.182273
   738.835000  0.187435
   741.046000  0.181346
   743.258000  0.184198
   745.470000  0.185284
   747.682000  0.181796
   749.893000  0.182772
   752.105000  0.180562
   754.317000  0.186325
   756.529000  0.189780
   758.740000  0.181237
   760.952000  0.178007
   763.164000  0.184892
   765.376000  0.188021
   767.587000  0.178369
   769.799000  0.188684
   772.011000  0.185904
   774.223000  0.189778
   776.434000  0.187028
   778.646000  0.191304
   780.858000  0.186277
   783.070000  0.194013
   785.281000  0.185358
   787.493000  0.192475
   789.705000  0.185660
   791.917000  0.194116
   794.128000  0.188383
   796.340000  0.191841
   798.552000  0.183413
   800.764000  0.190669
   802.975000  0.186585
   805.187000  0.194062
   807.399000  0.182876
   809.611000  0.192298
   811.822000  0.180832
   814.034000  0.192868
   816.246000  0.184425
   818.458000  0.198090
   820.669000  0.185653
   822.881000  0.189069
   825.093000  0.178450
   827.305000  0.189721
   829.516000  0.188298
   831.728000  0.185935
   833.940000  0.178533
   836.152000  0.184634
   838.363000  0.178481
   840.575000  0.183396
   842.787000  0.184270
   844.999000  0.193639
   847.210000  0.186058
   849.422000  0.182756
   851.634000  0.186336
   853.846000  0.195408
   856.057000  0.181246
   858.269000  0.181973
   860.481000  0.186689
   862.693000  0.196483
   864.904000  0.180177
   867.116000  0.190294
   869.328000  0.188974
   871.540000  0.191855
   873.751000  0.193481
   875.963000  0.200053
   878.175000  0.190567
   880.387000  0.193661
   882.598000  0.191650
   884.810000  0.193896
   887.022000  0.191436
   889.234000  0.199711
   891.445000  0.201086
   893.657000  0.198864
   895.869000  0.188331
   898.081000  0.181269
   900.292000  0.191460
   902.504000  0.200221
   904.716000  0.176523
   906.928000  0.195595
   909.139000  0.199632
   911.351000  0.190375
   913.563000  0.185542
   915.775000  0.195126
   917.986000  0.197153
   920.198000  0.199877
   922.410000  0.206798
   924.622000  0.200081
   926.833000  0.215004
   929.045000  0.204337
   931.257000  0.203746
   933.469000  0.200845
   935.680000  0.215548
   937.892000  0.216553
   940.104000  0.213476
   942.316000  0.219376
   944.527000  0.201118
   946.739000  0.212867
   948.951000  0.226965
   951.163000  0.240441
   953.374000  0.225387
   955.586000  0.200922
   957.798000  0.198324
   960.010000  0.206640
   962.221000  0.234877
   964.433000  0.228377
   966.645000  0.209190
   968.857000  0.231686
   971.068000  0.195130
   973.280000  0.204493
   975.492000  0.222536
   977.704000  0.232092
   979.915000  0.254880
   982.127000  0.220333
   984.339000  0.215027
   986.551000  0.176564
   988.762000  0.256067
   990.974000  0.239738
   993.186000  0.221023
   995.398000  0.185481
   997.609000  0.228208
   999.821000  0.211135
  1002.030000  0.203451
