ENVI ASCII Plot File [Thu Aug 25 10:59:18 2022]
Column 1: Wavelength
Column 2: headwall_nano_refl_24432 (1467,197)~~2##255,0,0
   398.225000  0.035078
   400.437000  0.043287
   402.649000  0.043683
   404.860000  0.033470
   407.072000  0.067716
   409.284000  0.057190
   411.496000  0.048674
   413.707000  0.047731
   415.919000  0.037709
   418.131000  0.034535
   420.343000  0.056643
   422.554000  0.046844
   424.766000  0.046883
   426.978000  0.036408
   429.190000  0.043709
   431.401000  0.043042
   433.613000  0.034949
   435.825000  0.039606
   438.037000  0.053847
   440.248000  0.054060
   442.460000  0.036622
   444.672000  0.046995
   446.884000  0.054727
   449.095000  0.058782
   451.307000  0.058126
   453.519000  0.066608
   455.731000  0.054689
   457.942000  0.067245
   460.154000  0.069032
   462.366000  0.066458
   464.578000  0.073906
   466.789000  0.061772
   469.001000  0.067559
   471.213000  0.066057
   473.425000  0.070971
   475.636000  0.061380
   477.848000  0.069722
   480.060000  0.070834
   482.272000  0.072955
   484.483000  0.069841
   486.695000  0.074462
   488.907000  0.071472
   491.119000  0.066407
   493.330000  0.065031
   495.542000  0.072413
   497.754000  0.066150
   499.966000  0.074491
   502.177000  0.078823
   504.389000  0.071720
   506.601000  0.077848
   508.813000  0.077279
   511.024000  0.071035
   513.236000  0.070640
   515.448000  0.072832
   517.660000  0.071052
   519.871000  0.076123
   522.083000  0.078691
   524.295000  0.076185
   526.507000  0.077773
   528.718000  0.081942
   530.930000  0.076820
   533.142000  0.079875
   535.354000  0.082976
   537.565000  0.086944
   539.777000  0.075313
   541.989000  0.085297
   544.201000  0.081165
   546.412000  0.084192
   548.624000  0.091254
   550.836000  0.082609
   553.048000  0.089372
   555.259000  0.085731
   557.471000  0.096203
   559.683000  0.093216
   561.895000  0.098428
   564.106000  0.097003
   566.318000  0.098151
   568.530000  0.098767
   570.742000  0.103725
   572.953000  0.109568
   575.165000  0.115814
   577.377000  0.111016
   579.589000  0.114803
   581.800000  0.115143
   584.012000  0.114939
   586.224000  0.121223
   588.436000  0.130198
   590.647000  0.122533
   592.859000  0.121951
   595.071000  0.130321
   597.283000  0.126357
   599.494000  0.126585
   601.706000  0.131954
   603.918000  0.132384
   606.130000  0.129561
   608.341000  0.138859
   610.553000  0.135915
   612.765000  0.131208
   614.977000  0.142401
   617.188000  0.130447
   619.400000  0.141252
   621.612000  0.133409
   623.824000  0.141025
   626.035000  0.134853
   628.247000  0.144616
   630.459000  0.137339
   632.671000  0.136415
   634.882000  0.141374
   637.094000  0.143519
   639.306000  0.143386
   641.518000  0.143724
   643.729000  0.142027
   645.941000  0.134854
   648.153000  0.145816
   650.365000  0.147011
   652.576000  0.142406
   654.788000  0.150469
   657.000000  0.144090
   659.212000  0.141227
   661.423000  0.136743
   663.635000  0.150137
   665.847000  0.130199
   668.059000  0.145709
   670.270000  0.144690
   672.482000  0.149024
   674.694000  0.133415
   676.906000  0.130974
   679.117000  0.142664
   681.329000  0.145267
   683.541000  0.141484
   685.753000  0.144463
   687.964000  0.142035
   690.176000  0.147244
   692.388000  0.148350
   694.600000  0.151829
   696.811000  0.155057
   699.023000  0.150967
   701.235000  0.151778
   703.447000  0.161335
   705.658000  0.165659
   707.870000  0.175609
   710.082000  0.169143
   712.294000  0.172107
   714.505000  0.165997
   716.717000  0.161388
   718.929000  0.160822
   721.141000  0.168632
   723.352000  0.177822
   725.564000  0.164861
   727.776000  0.166115
   729.988000  0.180288
   732.199000  0.172010
   734.411000  0.184842
   736.623000  0.169544
   738.835000  0.172296
   741.046000  0.181401
   743.258000  0.175842
   745.470000  0.175129
   747.682000  0.178150
   749.893000  0.180025
   752.105000  0.183066
   754.317000  0.186831
   756.529000  0.192181
   758.740000  0.176056
   760.952000  0.186986
   763.164000  0.177686
   765.376000  0.178021
   767.587000  0.175210
   769.799000  0.187016
   772.011000  0.189370
   774.223000  0.181812
   776.434000  0.181605
   778.646000  0.181540
   780.858000  0.181220
   783.070000  0.183306
   785.281000  0.186248
   787.493000  0.180750
   789.705000  0.181935
   791.917000  0.188592
   794.128000  0.175041
   796.340000  0.175650
   798.552000  0.169302
   800.764000  0.180446
   802.975000  0.182454
   805.187000  0.187189
   807.399000  0.176863
   809.611000  0.187005
   811.822000  0.201436
   814.034000  0.182972
   816.246000  0.181757
   818.458000  0.193787
   820.669000  0.183950
   822.881000  0.182890
   825.093000  0.179796
   827.305000  0.185444
   829.516000  0.159520
   831.728000  0.189392
   833.940000  0.157354
   836.152000  0.182211
   838.363000  0.197335
   840.575000  0.181146
   842.787000  0.195534
   844.999000  0.163917
   847.210000  0.179784
   849.422000  0.177815
   851.634000  0.191960
   853.846000  0.179573
   856.057000  0.173324
   858.269000  0.173801
   860.481000  0.181464
   862.693000  0.186033
   864.904000  0.181277
   867.116000  0.161299
   869.328000  0.172944
   871.540000  0.199006
   873.751000  0.178591
   875.963000  0.191703
   878.175000  0.181136
   880.387000  0.180901
   882.598000  0.173061
   884.810000  0.181996
   887.022000  0.196685
   889.234000  0.197860
   891.445000  0.199676
   893.657000  0.173789
   895.869000  0.180306
   898.081000  0.192849
   900.292000  0.190895
   902.504000  0.162560
   904.716000  0.177010
   906.928000  0.154850
   909.139000  0.164703
   911.351000  0.195270
   913.563000  0.163456
   915.775000  0.205431
   917.986000  0.164614
   920.198000  0.193091
   922.410000  0.166428
   924.622000  0.199014
   926.833000  0.217974
   929.045000  0.225389
   931.257000  0.194100
   933.469000  0.194268
   935.680000  0.179523
   937.892000  0.172385
   940.104000  0.196914
   942.316000  0.207522
   944.527000  0.253917
   946.739000  0.213085
   948.951000  0.220513
   951.163000  0.196904
   953.374000  0.231615
   955.586000  0.182288
   957.798000  0.202961
   960.010000  0.211946
   962.221000  0.209388
   964.433000  0.151109
   966.645000  0.208581
   968.857000  0.168330
   971.068000  0.157307
   973.280000  0.216062
   975.492000  0.274326
   977.704000  0.220849
   979.915000  0.187205
   982.127000  0.172887
   984.339000  0.304040
   986.551000  0.105062
   988.762000  0.171301
   990.974000  0.192200
   993.186000  0.170867
   995.398000  0.172283
   997.609000  0.228853
   999.821000  0.226539
  1002.030000  0.136938
