ENVI ASCII Plot File [Thu Aug 25 11:00:47 2022]
Column 1: Wavelength
Column 2: headwall_nano_refl_24432 (1474,199)~~2##255,0,0
   398.225000  0.046194
   400.437000  0.039046
   402.649000  0.050410
   404.860000  0.045010
   407.072000  0.039192
   409.284000  0.056014
   411.496000  0.037610
   413.707000  0.044525
   415.919000  0.040954
   418.131000  0.042957
   420.343000  0.045120
   422.554000  0.037064
   424.766000  0.048310
   426.978000  0.040893
   429.190000  0.043530
   431.401000  0.044210
   433.613000  0.048677
   435.825000  0.043772
   438.037000  0.052353
   440.248000  0.048393
   442.460000  0.053678
   444.672000  0.046699
   446.884000  0.053706
   449.095000  0.048616
   451.307000  0.058083
   453.519000  0.055016
   455.731000  0.054660
   457.942000  0.054029
   460.154000  0.057148
   462.366000  0.052612
   464.578000  0.059813
   466.789000  0.055502
   469.001000  0.055889
   471.213000  0.054051
   473.425000  0.058482
   475.636000  0.057279
   477.848000  0.059890
   480.060000  0.057138
   482.272000  0.058591
   484.483000  0.056144
   486.695000  0.057056
   488.907000  0.056972
   491.119000  0.060656
   493.330000  0.054628
   495.542000  0.058227
   497.754000  0.053293
   499.966000  0.058935
   502.177000  0.059359
   504.389000  0.059167
   506.601000  0.054647
   508.813000  0.058806
   511.024000  0.060236
   513.236000  0.062591
   515.448000  0.062104
   517.660000  0.063263
   519.871000  0.062289
   522.083000  0.063886
   524.295000  0.059102
   526.507000  0.060759
   528.718000  0.059892
   530.930000  0.064263
   533.142000  0.063125
   535.354000  0.068329
   537.565000  0.063982
   539.777000  0.064664
   541.989000  0.064577
   544.201000  0.068415
   546.412000  0.065360
   548.624000  0.065785
   550.836000  0.066933
   553.048000  0.071902
   555.259000  0.068653
   557.471000  0.075312
   559.683000  0.070002
   561.895000  0.075354
   564.106000  0.072883
   566.318000  0.076750
   568.530000  0.079316
   570.742000  0.078408
   572.953000  0.079001
   575.165000  0.081541
   577.377000  0.081251
   579.589000  0.084584
   581.800000  0.082775
   584.012000  0.087355
   586.224000  0.086118
   588.436000  0.088966
   590.647000  0.087432
   592.859000  0.088944
   595.071000  0.088458
   597.283000  0.092631
   599.494000  0.090144
   601.706000  0.093546
   603.918000  0.089550
   606.130000  0.093219
   608.341000  0.090172
   610.553000  0.092188
   612.765000  0.091622
   614.977000  0.093446
   617.188000  0.092410
   619.400000  0.094865
   621.612000  0.090363
   623.824000  0.097590
   626.035000  0.093629
   628.247000  0.094481
   630.459000  0.094461
   632.671000  0.096941
   634.882000  0.094454
   637.094000  0.096160
   639.306000  0.093571
   641.518000  0.100989
   643.729000  0.093900
   645.941000  0.097750
   648.153000  0.093374
   650.365000  0.099209
   652.576000  0.094456
   654.788000  0.095683
   657.000000  0.096317
   659.212000  0.097311
   661.423000  0.093179
   663.635000  0.096093
   665.847000  0.093745
   668.059000  0.098024
   670.270000  0.092356
   672.482000  0.097980
   674.694000  0.094858
   676.906000  0.098110
   679.117000  0.096395
   681.329000  0.100490
   683.541000  0.094781
   685.753000  0.100278
   687.964000  0.101486
   690.176000  0.102360
   692.388000  0.099828
   694.600000  0.103555
   696.811000  0.104759
   699.023000  0.108601
   701.235000  0.106886
   703.447000  0.110037
   705.658000  0.106019
   707.870000  0.113282
   710.082000  0.113288
   712.294000  0.116212
   714.505000  0.112422
   716.717000  0.114903
   718.929000  0.110427
   721.141000  0.112762
   723.352000  0.112431
   725.564000  0.120824
   727.776000  0.116239
   729.988000  0.118340
   732.199000  0.113088
   734.411000  0.119261
   736.623000  0.114179
   738.835000  0.120190
   741.046000  0.116739
   743.258000  0.122197
   745.470000  0.116352
   747.682000  0.117981
   749.893000  0.117836
   752.105000  0.123578
   754.317000  0.118040
   756.529000  0.119945
   758.740000  0.117131
   760.952000  0.122021
   763.164000  0.117497
   765.376000  0.124016
   767.587000  0.116570
   769.799000  0.130607
   772.011000  0.120281
   774.223000  0.120472
   776.434000  0.121751
   778.646000  0.116976
   780.858000  0.119047
   783.070000  0.121963
   785.281000  0.121870
   787.493000  0.122795
   789.705000  0.111283
   791.917000  0.119812
   794.128000  0.116525
   796.340000  0.124070
   798.552000  0.118368
   800.764000  0.121969
   802.975000  0.116508
   805.187000  0.123301
   807.399000  0.113069
   809.611000  0.124002
   811.822000  0.119128
   814.034000  0.122004
   816.246000  0.123607
   818.458000  0.123538
   820.669000  0.117701
   822.881000  0.115017
   825.093000  0.120025
   827.305000  0.124122
   829.516000  0.121132
   831.728000  0.121209
   833.940000  0.117255
   836.152000  0.119568
   838.363000  0.121926
   840.575000  0.128873
   842.787000  0.123308
   844.999000  0.125966
   847.210000  0.118303
   849.422000  0.133918
   851.634000  0.124446
   853.846000  0.122916
   856.057000  0.120737
   858.269000  0.129843
   860.481000  0.127519
   862.693000  0.122931
   864.904000  0.126102
   867.116000  0.121259
   869.328000  0.122314
   871.540000  0.122341
   873.751000  0.125108
   875.963000  0.126613
   878.175000  0.126593
   880.387000  0.124267
   882.598000  0.129609
   884.810000  0.130418
   887.022000  0.124378
   889.234000  0.125621
   891.445000  0.129006
   893.657000  0.129444
   895.869000  0.135951
   898.081000  0.130777
   900.292000  0.125977
   902.504000  0.123558
   904.716000  0.127764
   906.928000  0.125650
   909.139000  0.119189
   911.351000  0.130972
   913.563000  0.135999
   915.775000  0.123143
   917.986000  0.127794
   920.198000  0.127610
   922.410000  0.139032
   924.622000  0.126557
   926.833000  0.137753
   929.045000  0.146620
   931.257000  0.120018
   933.469000  0.126290
   935.680000  0.136131
   937.892000  0.124504
   940.104000  0.123830
   942.316000  0.099886
   944.527000  0.114622
   946.739000  0.105574
   948.951000  0.127684
   951.163000  0.132750
   953.374000  0.126780
   955.586000  0.135076
   957.798000  0.128577
   960.010000  0.136907
   962.221000  0.121620
   964.433000  0.118148
   966.645000  0.130714
   968.857000  0.147835
   971.068000  0.144445
   973.280000  0.143691
   975.492000  0.158141
   977.704000  0.119300
   979.915000  0.143115
   982.127000  0.143019
   984.339000  0.094502
   986.551000  0.133321
   988.762000  0.129744
   990.974000  0.154713
   993.186000  0.121288
   995.398000  0.131802
   997.609000  0.135009
   999.821000  0.100239
  1002.030000  0.123638
