ENVI ASCII Plot File [Sun Jul 30 10:01:45 2023]
Column 1: Wavelength
Column 2: Min: ROI #3~~2##255,0,0
Column 3: Mean-StdDev: ROI #3~~21##0,200,0
Column 4: Mean: ROI #3~~0##0,0,0
Column 5: Mean+StdDev: ROI #3~~21##0,200,0
Column 6: Max: ROI #3~~2##255,0,0
   381.170000  0.000000  0.075298  0.116487  0.157676  0.294261
   383.200000  0.000000  0.073627  0.112830  0.152032  0.296796
   385.230000  0.000000  0.077319  0.115260  0.153201  0.316616
   387.260000  0.000000  0.075288  0.112128  0.148969  0.335912
   389.290000  0.000000  0.072822  0.108494  0.144167  0.348188
   391.330000  0.000000  0.067917  0.103620  0.139323  0.441330
   393.360000  0.006297  0.058465  0.091178  0.123890  0.373371
   395.390000  0.008543  0.053588  0.087072  0.120557  0.401542
   397.430000  0.008329  0.045568  0.077208  0.108847  0.393085
   399.470000  0.009616  0.040375  0.073359  0.106343  0.409515
   401.500000  0.006886  0.035470  0.067963  0.100455  0.416897
   403.540000  0.006522  0.031679  0.063922  0.096165  0.400295
   405.580000  0.006210  0.029020  0.061039  0.093058  0.421458
   407.620000  0.004926  0.026704  0.058811  0.090918  0.424149
   409.660000  0.005485  0.024500  0.056887  0.089275  0.427394
   411.700000  0.005599  0.022923  0.055299  0.087674  0.436696
   413.740000  0.003881  0.021405  0.053735  0.086065  0.434377
   415.780000  0.004452  0.020220  0.052539  0.084858  0.448018
   417.830000  0.004102  0.019300  0.051749  0.084197  0.456143
   419.870000  0.004453  0.018743  0.051456  0.084169  0.486794
   421.920000  0.004356  0.018424  0.051601  0.084777  0.498048
   423.960000  0.004393  0.018029  0.051554  0.085079  0.491146
   426.010000  0.004184  0.017913  0.051970  0.086027  0.469665
   428.060000  0.004103  0.017687  0.052165  0.086644  0.467939
   430.110000  0.003678  0.017203  0.051850  0.086496  0.484941
   432.160000  0.003719  0.017683  0.052943  0.088202  0.486353
   434.210000  0.004145  0.017707  0.053076  0.088446  0.416199
   436.260000  0.003857  0.017989  0.053488  0.088986  0.395217
   438.310000  0.003926  0.017983  0.053236  0.088489  0.376276
   440.360000  0.003984  0.018108  0.053808  0.089509  0.380216
   442.420000  0.002576  0.018897  0.054332  0.089767  0.350861
   444.470000  0.004021  0.019457  0.054670  0.089882  0.332408
   446.530000  0.003402  0.019756  0.055089  0.090421  0.326653
   448.590000  0.004219  0.020411  0.055866  0.091321  0.312049
   450.640000  0.003861  0.021059  0.056385  0.091710  0.295628
   452.700000  0.003867  0.021510  0.056850  0.092190  0.286604
   454.760000  0.003729  0.021613  0.057442  0.093270  0.291059
   456.820000  0.003750  0.022165  0.057974  0.093784  0.277107
   458.880000  0.003703  0.022466  0.058253  0.094040  0.268555
   460.940000  0.003166  0.022754  0.058758  0.094762  0.265293
   463.000000  0.003164  0.023173  0.059191  0.095209  0.255781
   465.070000  0.003023  0.023253  0.059413  0.095573  0.254551
   467.130000  0.003742  0.023323  0.059828  0.096332  0.258145
   469.200000  0.003580  0.023510  0.060224  0.096937  0.257452
   471.260000  0.002640  0.023680  0.060550  0.097420  0.252140
   473.330000  0.003559  0.024102  0.061094  0.098086  0.245308
   475.400000  0.003153  0.024339  0.061357  0.098375  0.238590
   477.460000  0.003322  0.024479  0.061641  0.098804  0.236462
   479.530000  0.003564  0.024871  0.062181  0.099492  0.231030
   481.600000  0.003648  0.025157  0.062518  0.099879  0.226266
   483.670000  0.003348  0.025338  0.062882  0.100427  0.225287
   485.750000  0.003302  0.025144  0.063179  0.101213  0.233060
   487.820000  0.002820  0.024760  0.063602  0.102444  0.247872
   489.890000  0.003510  0.025668  0.064491  0.103315  0.232957
   491.970000  0.002745  0.026025  0.064561  0.103098  0.223523
   494.040000  0.003587  0.026135  0.064975  0.103814  0.224603
   496.120000  0.003231  0.026657  0.065546  0.104435  0.218027
   498.190000  0.002659  0.026811  0.065757  0.104704  0.216212
   500.270000  0.003377  0.026743  0.065998  0.105254  0.219114
   502.350000  0.003396  0.026708  0.066414  0.106120  0.224093
   504.430000  0.003480  0.027002  0.067104  0.107206  0.225818
   506.510000  0.003376  0.027378  0.067583  0.107788  0.222622
   508.590000  0.003370  0.027513  0.067875  0.108236  0.222022
   510.670000  0.003584  0.027674  0.068486  0.109298  0.225079
   512.750000  0.003430  0.027905  0.068878  0.109851  0.225091
   514.840000  0.002727  0.027827  0.069173  0.110518  0.229372
   516.920000  0.003505  0.027777  0.069781  0.111785  0.237479
   519.010000  0.002915  0.027440  0.070285  0.113130  0.251731
   521.090000  0.003452  0.028361  0.071377  0.114393  0.243254
   523.180000  0.003229  0.028901  0.071467  0.114033  0.233242
   525.270000  0.004011  0.029275  0.071964  0.114653  0.231435
   527.360000  0.002870  0.029242  0.072083  0.114923  0.233450
   529.450000  0.003644  0.029577  0.073136  0.116694  0.237888
   531.540000  0.003322  0.030316  0.073550  0.116785  0.228043
   533.630000  0.003515  0.030454  0.073946  0.117439  0.229772
   535.720000  0.002676  0.030844  0.074936  0.119028  0.232864
   537.810000  0.003282  0.031270  0.075384  0.119498  0.230088
   539.910000  0.003831  0.031489  0.076040  0.120592  0.233047
   542.000000  0.002979  0.031779  0.076742  0.121705  0.236659
   544.090000  0.003683  0.032512  0.077855  0.123198  0.234435
   546.190000  0.003463  0.033173  0.078645  0.124117  0.231919
   548.290000  0.003604  0.033711  0.079450  0.125188  0.230406
   550.390000  0.003049  0.034295  0.080410  0.126525  0.230693
   552.480000  0.003658  0.034742  0.081323  0.127904  0.233016
   554.580000  0.003526  0.035050  0.082525  0.130001  0.239667
   556.680000  0.003298  0.035566  0.083886  0.132206  0.246199
   558.790000  0.003677  0.035927  0.085242  0.134558  0.254726
   560.890000  0.002994  0.036495  0.086821  0.137146  0.261317
   562.990000  0.003834  0.037402  0.088371  0.139340  0.261465
   565.090000  0.003919  0.038128  0.089653  0.141179  0.261863
   567.200000  0.003518  0.038683  0.090912  0.143140  0.264655
   569.310000  0.003768  0.039328  0.092418  0.145509  0.268250
   571.410000  0.004178  0.039763  0.093681  0.147598  0.272397
   573.520000  0.003837  0.040621  0.095503  0.150385  0.275140
   575.630000  0.003933  0.041350  0.096714  0.152078  0.272930
   577.740000  0.003640  0.041816  0.098136  0.154457  0.277449
   579.850000  0.003800  0.042436  0.099582  0.156728  0.280748
   581.960000  0.003081  0.043193  0.101022  0.158852  0.278895
   584.070000  0.004013  0.043884  0.102177  0.160469  0.274695
   586.180000  0.003668  0.044357  0.103118  0.161879  0.275117
   588.290000  0.003880  0.044690  0.104516  0.164343  0.282209
   590.410000  0.003155  0.044647  0.105312  0.165977  0.290260
   592.520000  0.003818  0.045588  0.107361  0.169134  0.293164
   594.640000  0.003901  0.045975  0.107957  0.169939  0.287196
   596.750000  0.003211  0.046282  0.108887  0.171492  0.289772
   598.870000  0.003685  0.046668  0.109917  0.173165  0.292111
   600.990000  0.003541  0.046809  0.110708  0.174607  0.297214
   603.110000  0.001799  0.047043  0.111500  0.175957  0.300693
   605.230000  0.003878  0.047385  0.112417  0.177448  0.300122
   607.350000  0.003480  0.047711  0.113139  0.178567  0.301305
   609.470000  0.003482  0.047805  0.113870  0.179936  0.305304
   611.590000  0.003044  0.048053  0.114658  0.181263  0.309816
   613.720000  0.003086  0.048332  0.115560  0.182788  0.313150
   615.840000  0.002842  0.048325  0.116143  0.183962  0.316551
   617.970000  0.003090  0.048497  0.116554  0.184611  0.317126
   620.090000  0.003302  0.048870  0.117347  0.185823  0.316865
   622.220000  0.003465  0.048874  0.117535  0.186196  0.318109
   624.340000  0.003242  0.048705  0.118040  0.187374  0.325672
   626.470000  0.002617  0.048780  0.118883  0.188986  0.336176
   628.600000  0.003022  0.049001  0.119636  0.190272  0.341951
   630.730000  0.002642  0.049103  0.120239  0.191374  0.347707
   632.860000  0.003254  0.049404  0.120934  0.192464  0.350498
   635.000000  0.003722  0.049621  0.121423  0.193224  0.349624
   637.130000  0.003243  0.049822  0.121815  0.193808  0.348637
   639.260000  0.003300  0.050030  0.122296  0.194563  0.348435
   641.400000  0.003633  0.049850  0.122250  0.194650  0.351360
   643.530000  0.003138  0.049956  0.122922  0.195888  0.357131
   645.670000  0.003833  0.050149  0.123403  0.196657  0.357727
   647.800000  0.003477  0.049998  0.123729  0.197460  0.363254
   649.940000  0.003612  0.049969  0.124207  0.198445  0.368876
   652.080000  0.003365  0.050051  0.124701  0.199350  0.375119
   654.220000  0.004138  0.050094  0.125341  0.200587  0.381224
   656.360000  0.003651  0.049575  0.124900  0.200226  0.392011
   658.500000  0.003557  0.049471  0.125706  0.201940  0.411763
   660.640000  0.002006  0.050269  0.126765  0.203262  0.397945
   662.780000  0.003207  0.050072  0.126406  0.202740  0.393172
   664.930000  0.003211  0.050058  0.126572  0.203087  0.395354
   667.070000  0.003044  0.050025  0.126979  0.203934  0.400874
   669.220000  0.003587  0.050071  0.127466  0.204860  0.405663
   671.360000  0.003517  0.049993  0.127736  0.205478  0.407712
   673.510000  0.003279  0.050180  0.128166  0.206152  0.411928
   675.660000  0.002475  0.050324  0.128594  0.206864  0.413848
   677.810000  0.003220  0.050498  0.128988  0.207478  0.417102
   679.960000  0.003229  0.050593  0.129461  0.208330  0.421167
   682.110000  0.002539  0.050778  0.129881  0.208984  0.424794
   684.260000  0.003198  0.051044  0.130633  0.210222  0.433068
   686.410000  0.003902  0.050994  0.131101  0.211208  0.455615
   688.560000  0.002752  0.050625  0.130698  0.210770  0.498606
   690.720000  0.003835  0.052538  0.134044  0.215550  0.519284
   692.870000  0.002723  0.053800  0.135458  0.217116  0.496614
   695.030000  0.002284  0.054843  0.136409  0.217976  0.482044
   697.180000  0.002542  0.056028  0.137786  0.219544  0.482094
   699.340000  0.003023  0.057022  0.138892  0.220762  0.485042
   701.500000  0.002843  0.058041  0.140145  0.222249  0.494589
   703.660000  0.003234  0.059068  0.141490  0.223912  0.503240
   705.820000  0.003668  0.060057  0.142936  0.225814  0.506556
   707.980000  0.003322  0.060829  0.143885  0.226941  0.512434
   710.140000  0.002097  0.061557  0.144825  0.228092  0.521488
   712.300000  0.002030  0.062374  0.146143  0.229912  0.534184
   714.460000  0.002645  0.062980  0.147198  0.231417  0.549701
   716.630000  0.003589  0.063459  0.148212  0.232964  0.573631
   718.790000  0.003900  0.063735  0.148382  0.233030  0.605701
   720.960000  0.002292  0.064719  0.149906  0.235093  0.636074
   723.130000  0.003499  0.066075  0.152146  0.238218  0.633402
   725.290000  0.003899  0.066389  0.152513  0.238637  0.620907
   727.460000  0.003171  0.067060  0.153584  0.240107  0.625957
   729.630000  0.003032  0.067258  0.153512  0.239766  0.632096
   731.800000  0.003249  0.067951  0.154406  0.240860  0.646101
   733.970000  0.003919  0.068618  0.155396  0.242173  0.651456
   736.140000  0.002193  0.068928  0.156093  0.243257  0.653738
   738.310000  0.002839  0.069272  0.156483  0.243694  0.659634
   740.490000  0.003732  0.069973  0.157458  0.244944  0.672363
   742.660000  0.003619  0.070482  0.158064  0.245645  0.681731
   744.840000  0.002785  0.070909  0.158814  0.246719  0.684287
   747.010000  0.003998  0.071269  0.159379  0.247489  0.691277
   749.190000  0.003346  0.071588  0.159706  0.247825  0.704801
   751.370000  0.002444  0.072036  0.160016  0.247995  0.722764
   753.540000  0.001408  0.072550  0.160863  0.249177  0.715245
   755.720000  0.002919  0.072877  0.161504  0.250131  0.702347
   757.900000  0.003738  0.073150  0.162412  0.251674  0.748344
   760.080000  0.002557  0.071112  0.158161  0.245210  0.713484
   762.270000  0.002158  0.070627  0.152248  0.233868  0.654206
   764.450000  0.002725  0.077523  0.164702  0.251881  0.698641
   766.630000  0.000282  0.077788  0.166350  0.254912  0.674571
   768.820000  0.003515  0.077000  0.166484  0.255969  0.719910
   771.000000  0.002506  0.076128  0.165079  0.254031  0.705009
   773.190000  0.002979  0.076101  0.164993  0.253885  0.690369
   775.370000  0.002302  0.076126  0.164959  0.253792  0.677099
   777.560000  0.003804  0.076538  0.165580  0.254621  0.683436
   779.750000  0.002465  0.076913  0.165903  0.254893  0.697719
   781.940000  0.003501  0.077398  0.166360  0.255322  0.678185
   784.130000  0.003077  0.077395  0.166405  0.255414  0.695291
   786.320000  0.003211  0.078062  0.167219  0.256376  0.687273
   788.510000  0.002427  0.078247  0.167514  0.256781  0.669138
   790.700000  0.002807  0.078759  0.167879  0.256998  0.669131
   792.900000  0.002589  0.078845  0.167926  0.257006  0.665029
   795.090000  0.002670  0.079383  0.168498  0.257613  0.657415
   797.290000  0.002108  0.079814  0.169203  0.258591  0.667966
   799.480000  0.000616  0.080181  0.169429  0.258677  0.672549
   801.680000  0.000929  0.080434  0.169848  0.259262  0.643410
   803.880000  0.002234  0.080836  0.170312  0.259787  0.631153
   806.080000  0.001988  0.081169  0.170761  0.260353  0.636839
   808.280000  0.002050  0.081476  0.171083  0.260689  0.625935
   810.480000  0.002073  0.081870  0.171492  0.261114  0.653015
   812.680000  0.001081  0.082125  0.172016  0.261907  0.654278
   814.880000  0.001112  0.082058  0.171656  0.261253  0.659316
   817.080000  0.001629  0.082502  0.171715  0.260927  0.628431
   819.290000  0.001248  0.083046  0.172313  0.261581  0.637277
   821.490000  0.000831  0.083687  0.173359  0.263031  0.635792
   823.700000  0.002176  0.083231  0.172677  0.262124  0.633305
   825.900000  0.000000  0.084570  0.174560  0.264550  0.619857
   828.110000  0.000000  0.084286  0.173969  0.263653  0.615252
   830.320000  0.000405  0.084306  0.174034  0.263762  0.621405
   832.530000  0.002314  0.084913  0.174963  0.265014  0.605563
   834.740000  0.000459  0.085320  0.175236  0.265153  0.606361
   836.950000  0.000000  0.085800  0.175860  0.265920  0.593049
   839.160000  0.000000  0.085957  0.175988  0.266019  0.611884
   841.370000  0.000000  0.086252  0.176163  0.266073  0.595223
   843.580000  0.000000  0.086369  0.176245  0.266120  0.602289
   845.800000  0.001057  0.087297  0.177449  0.267602  0.603277
   848.010000  0.000000  0.087126  0.177142  0.267158  0.583962
   850.230000  0.001135  0.087152  0.176989  0.266827  0.618920
   852.440000  0.000000  0.087493  0.177580  0.267667  0.601670
   854.660000  0.000000  0.087566  0.176981  0.266396  0.571442
   856.880000  0.000000  0.089089  0.179062  0.269035  0.586590
   859.100000  0.000636  0.088862  0.179075  0.269287  0.576552
   861.320000  0.000000  0.088754  0.178902  0.269051  0.605049
   863.540000  0.000000  0.089519  0.179893  0.270268  0.577888
   865.760000  0.000000  0.089084  0.179141  0.269198  0.590453
   867.980000  0.000000  0.089604  0.179077  0.268550  0.572723
   870.200000  0.000000  0.090722  0.181204  0.271687  0.564571
   872.430000  0.000000  0.090485  0.180874  0.271264  0.566739
   874.650000  0.000000  0.091159  0.181334  0.271508  0.573871
   876.880000  0.000000  0.091297  0.181715  0.272132  0.556529
   879.110000  0.000000  0.091912  0.182360  0.272808  0.566792
   881.330000  0.000000  0.091962  0.182192  0.272421  0.580234
   883.560000  0.000000  0.092052  0.182535  0.273017  0.582186
   885.790000  0.000000  0.092362  0.182703  0.273043  0.583010
   888.020000  0.000000  0.093023  0.183247  0.273471  0.555482
   890.250000  0.000000  0.093083  0.183325  0.273567  0.569081
   892.480000  0.000000  0.092987  0.183268  0.273548  0.586477
   894.710000  0.000000  0.093389  0.183794  0.274199  0.542526
   896.950000  0.000000  0.093515  0.183578  0.273641  0.546696
   899.180000  0.000000  0.094040  0.183547  0.273053  0.555302
   901.420000  0.000000  0.094558  0.183977  0.273395  0.570604
   903.650000  0.000000  0.095431  0.185222  0.275014  0.567826
   905.890000  0.000000  0.095971  0.186247  0.276523  0.573053
   908.130000  0.000000  0.095548  0.185460  0.275372  0.558546
   910.370000  0.000000  0.096641  0.186325  0.276009  0.575656
   912.600000  0.000000  0.097062  0.187012  0.276962  0.569192
   914.840000  0.000000  0.096883  0.186768  0.276652  0.551782
   917.090000  0.000000  0.096250  0.185509  0.274769  0.546422
   919.330000  0.000000  0.096902  0.186782  0.276662  0.549169
   921.570000  0.000000  0.098349  0.188779  0.279209  0.580744
   923.810000  0.000000  0.097331  0.186623  0.275914  0.578003
   926.060000  0.000000  0.097746  0.187256  0.276767  0.570620
   928.300000  0.000000  0.099203  0.188680  0.278157  0.555570
   930.550000  0.000000  0.098403  0.187009  0.275614  0.550378
   932.800000  0.000000  0.096136  0.182701  0.269266  0.543774
   935.040000  0.000000  0.099236  0.184105  0.268974  0.533905
   937.290000  0.000000  0.102038  0.188884  0.275729  0.536857
   939.540000  0.000000  0.100199  0.187729  0.275259  0.562839
   941.790000  0.000000  0.100815  0.189191  0.277568  0.561152
   944.040000  0.000000  0.100691  0.188734  0.276778  0.611765
   946.290000  0.000000  0.100459  0.187799  0.275139  0.545837
   948.550000  0.000000  0.100419  0.187671  0.274922  0.522231
   950.800000  0.000000  0.100483  0.187715  0.274946  0.563013
   953.060000  0.000000  0.101381  0.188568  0.275755  0.568108
   955.310000  0.000000  0.101441  0.189144  0.276847  0.576068
   957.570000  0.000000  0.101568  0.189131  0.276695  0.576751
   959.820000  0.000000  0.100661  0.188971  0.277281  0.545586
   962.080000  0.000000  0.100625  0.189240  0.277856  0.552251
   964.340000  0.000000  0.101607  0.190471  0.279334  0.559530
   966.600000  0.000000  0.101402  0.190992  0.280581  0.545266
   968.860000  0.000000  0.101099  0.191499  0.281899  0.544802
   971.120000  0.000000  0.102097  0.191985  0.281872  0.584568
   973.380000  0.000000  0.101634  0.191569  0.281504  0.591110
   975.650000  0.000000  0.100366  0.190544  0.280722  0.607368
   977.910000  0.000000  0.101635  0.190271  0.278908  0.528048
   980.180000  0.000000  0.099482  0.188612  0.277743  0.608731
   982.440000  0.000000  0.101256  0.191191  0.281125  0.584187
   984.710000  0.000000  0.098433  0.186517  0.274600  0.573842
   986.970000  0.000000  0.102421  0.192266  0.282110  0.588233
   989.240000  0.000000  0.100008  0.189173  0.278339  0.559910
   991.510000  0.000000  0.102477  0.192088  0.281700  0.598537
   993.780000  0.000000  0.099442  0.189456  0.279471  0.625938
   996.050000  0.000000  0.096043  0.188242  0.280441  0.579727
   998.320000  0.000000  0.098305  0.191134  0.283964  0.544416
  1000.590000  0.000000  0.099744  0.191490  0.283235  0.574766
  1002.870000  0.000000  0.094993  0.185419  0.275844  0.570467
  1005.140000  0.000000  0.098812  0.193756  0.288700  0.591999
  1007.420000  0.000000  0.097716  0.193098  0.288480  0.614577
  1009.690000  0.000000  0.094806  0.188476  0.282146  0.582509
  1011.970000  0.000000  0.092666  0.185220  0.277774  0.548692
  1014.250000  0.000000  0.094023  0.189963  0.285904  0.566186
  1016.520000  0.000000  0.088717  0.184991  0.281265  0.590443
  1018.800000  0.000000  0.086629  0.183008  0.279388  0.631115
  1021.080000  0.000000  0.090100  0.189942  0.289783  0.717454
  1023.360000  0.000000  0.086010  0.186210  0.286410  0.594724
  1025.650000  0.000000  0.079394  0.180447  0.281501  0.627106
