ENVI ASCII Plot File [Sun Jul 30 09:55:11 2023]
Column 1: Wavelength
Column 2: Min: ROI #1~~2##255,0,0
Column 3: Mean-StdDev: ROI #1~~21##0,200,0
Column 4: Mean: ROI #1~~0##0,0,0
Column 5: Mean+StdDev: ROI #1~~21##0,200,0
Column 6: Max: ROI #1~~2##255,0,0
   381.170000  0.000000  0.087632  0.131125  0.174618  0.328404
   383.200000  0.000000  0.085603  0.126589  0.167576  0.304067
   385.230000  0.000000  0.092891  0.132517  0.172144  0.303488
   387.260000  0.000000  0.090595  0.126989  0.163383  0.280703
   389.290000  0.007414  0.089903  0.124991  0.160080  0.291155
   391.330000  0.011218  0.086464  0.119511  0.152559  0.282365
   393.360000  0.016791  0.073759  0.102133  0.130508  0.235777
   395.390000  0.017484  0.071626  0.100524  0.129422  0.258290
   397.430000  0.010452  0.062461  0.087800  0.113138  0.240718
   399.470000  0.010058  0.058886  0.084905  0.110925  0.245709
   401.500000  0.009675  0.053012  0.077847  0.102681  0.245187
   403.540000  0.008172  0.048762  0.072919  0.097075  0.253190
   405.580000  0.010593  0.045661  0.069353  0.093045  0.274178
   407.620000  0.007028  0.043574  0.066994  0.090414  0.296668
   409.660000  0.008492  0.041202  0.064675  0.088148  0.329436
   411.700000  0.008257  0.039457  0.062866  0.086274  0.342423
   413.740000  0.006623  0.037629  0.060894  0.084159  0.343983
   415.780000  0.007453  0.036343  0.059597  0.082852  0.366588
   417.830000  0.007286  0.035327  0.058705  0.082084  0.370782
   419.870000  0.006847  0.034839  0.058467  0.082094  0.373463
   421.920000  0.004402  0.034543  0.058592  0.082640  0.366118
   423.960000  0.005445  0.034211  0.058554  0.082897  0.383563
   426.010000  0.005669  0.034194  0.059086  0.083979  0.393225
   428.060000  0.006017  0.033920  0.059114  0.084309  0.389395
   430.110000  0.006572  0.033685  0.059057  0.084430  0.370376
   432.160000  0.006353  0.034580  0.060431  0.086283  0.379331
   434.210000  0.004886  0.034167  0.060527  0.086886  0.390546
   436.260000  0.005805  0.034212  0.060908  0.087605  0.379344
   438.310000  0.005693  0.033937  0.060759  0.087582  0.370465
   440.360000  0.005814  0.034355  0.061623  0.088890  0.375581
   442.420000  0.006062  0.034643  0.062326  0.090009  0.349421
   444.470000  0.005217  0.034778  0.062790  0.090802  0.330379
   446.530000  0.005211  0.035173  0.063484  0.091795  0.328354
   448.590000  0.005626  0.035688  0.064499  0.093310  0.313139
   450.640000  0.004978  0.036062  0.065160  0.094258  0.297897
   452.700000  0.004774  0.036335  0.065825  0.095315  0.288285
   454.760000  0.004608  0.036762  0.066669  0.096576  0.292326
   456.820000  0.004713  0.037189  0.067394  0.097600  0.279412
   458.880000  0.004959  0.037486  0.067921  0.098356  0.270898
   460.940000  0.004970  0.037746  0.068512  0.099278  0.266961
   463.000000  0.004713  0.038117  0.069142  0.100167  0.256902
   465.070000  0.004402  0.038232  0.069392  0.100551  0.255701
   467.130000  0.004677  0.038520  0.069997  0.101474  0.258780
   469.200000  0.004517  0.038732  0.070477  0.102221  0.256916
   471.260000  0.004078  0.039044  0.071002  0.102960  0.253978
   473.330000  0.005008  0.039490  0.071842  0.104193  0.246758
   475.400000  0.004453  0.039695  0.072222  0.104748  0.242685
   477.460000  0.004951  0.039912  0.072606  0.105299  0.239751
   479.530000  0.004795  0.040335  0.073342  0.106348  0.233493
   481.600000  0.004714  0.040550  0.073717  0.106883  0.228849
   483.670000  0.005168  0.040738  0.074074  0.107409  0.226457
   485.750000  0.004867  0.040819  0.074506  0.108194  0.234217
   487.820000  0.004797  0.040970  0.075054  0.109138  0.250985
   489.890000  0.003719  0.041817  0.076283  0.110750  0.236467
   491.970000  0.003481  0.042103  0.076515  0.110926  0.226200
   494.040000  0.003722  0.042372  0.077066  0.111760  0.227750
   496.120000  0.004417  0.043019  0.077979  0.112939  0.220928
   498.190000  0.004378  0.043220  0.078281  0.113341  0.219130
   500.270000  0.004482  0.043286  0.078499  0.113712  0.221972
   502.350000  0.004814  0.043460  0.078990  0.114520  0.227720
   504.430000  0.004905  0.044033  0.080056  0.116080  0.229132
   506.510000  0.005179  0.044428  0.080627  0.116826  0.225933
   508.590000  0.004221  0.044747  0.081085  0.117423  0.225130
   510.670000  0.005110  0.045143  0.081885  0.118627  0.228464
   512.750000  0.005295  0.045452  0.082382  0.119311  0.229087
   514.840000  0.004328  0.045566  0.082717  0.119868  0.233291
   516.920000  0.004496  0.045872  0.083490  0.121108  0.240806
   519.010000  0.004073  0.045997  0.084070  0.122143  0.254907
   521.090000  0.004999  0.047270  0.085936  0.124601  0.246527
   523.180000  0.004672  0.047625  0.086109  0.124593  0.235750
   525.270000  0.004895  0.048058  0.086788  0.125519  0.233509
   527.360000  0.005365  0.048148  0.086993  0.125838  0.236696
   529.450000  0.005033  0.049023  0.088519  0.128015  0.241740
   531.540000  0.005481  0.049699  0.089271  0.128843  0.230967
   533.630000  0.005959  0.050000  0.089870  0.129739  0.233388
   535.720000  0.005487  0.050850  0.091378  0.131907  0.235946
   537.810000  0.005592  0.051365  0.092187  0.133009  0.233002
   539.910000  0.005302  0.051887  0.093259  0.134631  0.237083
   542.000000  0.005012  0.052458  0.094288  0.136118  0.240444
   544.090000  0.006069  0.053670  0.096336  0.139002  0.238995
   546.190000  0.005692  0.054628  0.097839  0.141050  0.235965
   548.290000  0.005687  0.055415  0.099180  0.142945  0.234373
   550.390000  0.005905  0.056243  0.100761  0.145279  0.234416
   552.480000  0.005057  0.056895  0.102202  0.147509  0.236864
   554.580000  0.005014  0.057827  0.104127  0.150428  0.243711
   556.680000  0.006430  0.058882  0.106413  0.153944  0.250618
   558.790000  0.006095  0.059779  0.108412  0.157045  0.259493
   560.890000  0.006649  0.061157  0.111231  0.161306  0.266225
   562.990000  0.006735  0.062595  0.114118  0.165642  0.265886
   565.090000  0.005741  0.063650  0.116355  0.169059  0.266263
   567.200000  0.006759  0.064650  0.118611  0.172573  0.269483
   569.310000  0.006500  0.065915  0.121407  0.176900  0.272329
   571.410000  0.006163  0.066847  0.123723  0.180600  0.278769
   573.520000  0.006035  0.068345  0.126992  0.185640  0.281001
   575.630000  0.006314  0.069322  0.129188  0.189054  0.276518
   577.740000  0.005809  0.070358  0.131776  0.193193  0.281334
   579.850000  0.006086  0.071463  0.134452  0.197441  0.285111
   581.960000  0.007423  0.072748  0.137205  0.201662  0.283727
   584.070000  0.006607  0.073887  0.139538  0.205190  0.279677
   586.180000  0.006574  0.074551  0.141221  0.207892  0.282902
   588.290000  0.006949  0.075258  0.143462  0.211665  0.289404
   590.410000  0.006884  0.075493  0.144779  0.214064  0.294885
   592.520000  0.005726  0.077528  0.148866  0.220203  0.300331
   594.640000  0.006432  0.078018  0.149718  0.221418  0.293628
   596.750000  0.006317  0.078682  0.151466  0.224249  0.296336
   598.870000  0.007017  0.079441  0.153201  0.226961  0.299943
   600.990000  0.007368  0.079837  0.154567  0.229297  0.304260
   603.110000  0.006910  0.080385  0.155929  0.231474  0.306955
   605.230000  0.007648  0.081275  0.157640  0.234004  0.307482
   607.350000  0.006816  0.081642  0.158575  0.235507  0.308731
   609.470000  0.006783  0.082106  0.159979  0.237852  0.311979
   611.590000  0.007041  0.082628  0.161319  0.240011  0.316637
   613.720000  0.006208  0.083368  0.163030  0.242692  0.319689
   615.840000  0.006667  0.083731  0.164079  0.244426  0.322453
   617.970000  0.007115  0.083819  0.164482  0.245145  0.324709
   620.090000  0.006746  0.084670  0.166080  0.247490  0.324215
   622.220000  0.006965  0.084575  0.166132  0.247689  0.325039
   624.340000  0.006591  0.084459  0.166694  0.248930  0.335865
   626.470000  0.006672  0.084945  0.168213  0.251482  0.345871
   628.600000  0.007500  0.085425  0.169430  0.253436  0.350496
   630.730000  0.007247  0.085801  0.170283  0.254766  0.354954
   632.860000  0.007304  0.086427  0.171489  0.256552  0.354887
   635.000000  0.008196  0.086896  0.172307  0.257717  0.356843
   637.130000  0.005703  0.087297  0.172955  0.258614  0.355831
   639.260000  0.006860  0.087565  0.173675  0.259785  0.356555
   641.400000  0.006896  0.087162  0.173329  0.259496  0.359071
   643.530000  0.007620  0.087654  0.174599  0.261544  0.366432
   645.670000  0.007815  0.087967  0.175372  0.262776  0.367142
   647.800000  0.007329  0.087825  0.175729  0.263632  0.369499
   649.940000  0.006998  0.088098  0.176519  0.264941  0.376890
   652.080000  0.006616  0.088434  0.177503  0.266571  0.383361
   654.220000  0.007138  0.088819  0.178661  0.268503  0.387450
   656.360000  0.007147  0.087700  0.176921  0.266141  0.397837
   658.500000  0.007033  0.088467  0.178584  0.268701  0.418837
   660.640000  0.007908  0.089823  0.181365  0.272908  0.404658
   662.780000  0.008037  0.089191  0.180306  0.271420  0.399360
   664.930000  0.008121  0.088931  0.180326  0.271722  0.403551
   667.070000  0.007497  0.089375  0.181400  0.273425  0.408219
   669.220000  0.007326  0.089526  0.182171  0.274817  0.411539
   671.360000  0.006728  0.089640  0.182572  0.275503  0.415243
   673.510000  0.007292  0.089892  0.183307  0.276722  0.419799
   675.660000  0.006805  0.090277  0.184120  0.277963  0.421078
   677.810000  0.007176  0.090526  0.184822  0.279118  0.424705
   679.960000  0.006069  0.090923  0.185547  0.280171  0.429453
   682.110000  0.007382  0.091380  0.186250  0.281121  0.433152
   684.260000  0.007541  0.092019  0.187465  0.282911  0.440767
   686.410000  0.007721  0.091914  0.187257  0.282601  0.464240
   688.560000  0.008610  0.091111  0.184598  0.278084  0.496919
   690.720000  0.008904  0.095622  0.191750  0.287878  0.521338
   692.870000  0.006353  0.097370  0.193961  0.290553  0.504912
   695.030000  0.007102  0.098550  0.194715  0.290879  0.489437
   697.180000  0.008200  0.100228  0.196252  0.292277  0.489925
   699.340000  0.007844  0.101810  0.197715  0.293619  0.494439
   701.500000  0.008199  0.103148  0.198694  0.294240  0.501388
   703.660000  0.006925  0.105264  0.200835  0.296405  0.512197
   705.820000  0.009397  0.107195  0.203074  0.298954  0.514552
   707.980000  0.008489  0.108338  0.203963  0.299588  0.520267
   710.140000  0.009744  0.109644  0.205300  0.300956  0.530779
   712.300000  0.006835  0.111112  0.206881  0.302650  0.534515
   714.460000  0.008482  0.112459  0.208355  0.304252  0.551128
   716.630000  0.009946  0.113573  0.209626  0.305680  0.574928
   718.790000  0.008661  0.113327  0.208225  0.303123  0.605111
   720.960000  0.009931  0.116005  0.211553  0.307100  0.634593
   723.130000  0.010786  0.119512  0.217057  0.314602  0.634504
   725.290000  0.007101  0.120029  0.217321  0.314612  0.622856
   727.460000  0.009015  0.121339  0.219057  0.316774  0.627180
   729.630000  0.008873  0.120883  0.217758  0.314634  0.631338
   731.800000  0.011193  0.122143  0.219131  0.316118  0.648268
   733.970000  0.010181  0.123697  0.221377  0.319057  0.651321
   736.140000  0.008998  0.124171  0.221852  0.319532  0.652351
   738.310000  0.010859  0.124717  0.222318  0.319920  0.663329
   740.490000  0.010605  0.125589  0.223550  0.321510  0.675139
   742.660000  0.009802  0.126388  0.224533  0.322677  0.684205
   744.840000  0.009633  0.127483  0.226037  0.324590  0.690862
   747.010000  0.010949  0.128143  0.226946  0.325750  0.697410
   749.190000  0.009767  0.128348  0.227254  0.326161  0.706474
   751.370000  0.010364  0.128699  0.227324  0.325949  0.723759
   753.540000  0.009904  0.129588  0.228657  0.327727  0.738234
   755.720000  0.007527  0.130485  0.229907  0.329329  0.740528
   757.900000  0.009729  0.131018  0.231646  0.332275  0.741059
   760.080000  0.009894  0.123361  0.218445  0.313529  0.716319
   762.270000  0.009583  0.118521  0.205074  0.291627  0.593862
   764.450000  0.014988  0.138597  0.237550  0.336502  0.690284
   766.630000  0.012993  0.139983  0.241465  0.342947  0.693142
   768.820000  0.011149  0.138209  0.240161  0.342112  0.722876
   771.000000  0.009680  0.135318  0.235364  0.335411  0.693610
   773.190000  0.009082  0.134614  0.234019  0.333425  0.684506
   775.370000  0.009350  0.134816  0.234248  0.333681  0.719007
   777.560000  0.009390  0.135471  0.234953  0.334435  0.722922
   779.750000  0.009328  0.135794  0.235110  0.334427  0.693224
   781.940000  0.007002  0.136170  0.235496  0.334822  0.696467
   784.130000  0.009377  0.136499  0.235615  0.334731  0.664522
   786.320000  0.013386  0.137425  0.236669  0.335914  0.673640
   788.510000  0.008422  0.137597  0.236923  0.336249  0.687864
   790.700000  0.009876  0.138184  0.237298  0.336412  0.675799
   792.900000  0.010456  0.138167  0.237177  0.336188  0.670308
   795.090000  0.010165  0.139034  0.238185  0.337336  0.662652
   797.290000  0.011312  0.139848  0.239251  0.338655  0.632180
   799.480000  0.011438  0.140134  0.239472  0.338810  0.669164
   801.680000  0.013422  0.140410  0.239658  0.338907  0.653837
   803.880000  0.009404  0.141047  0.240188  0.339329  0.649493
   806.080000  0.012083  0.141485  0.240839  0.340194  0.660273
   808.280000  0.011667  0.142090  0.241536  0.340982  0.656890
   810.480000  0.013445  0.142136  0.241329  0.340522  0.656416
   812.680000  0.010218  0.142864  0.242156  0.341447  0.644871
   814.880000  0.011125  0.142072  0.240778  0.339484  0.652808
   817.080000  0.006749  0.142276  0.240633  0.338990  0.631631
   819.290000  0.010106  0.143751  0.242204  0.340657  0.641735
   821.490000  0.009319  0.144649  0.243768  0.342886  0.622555
   823.700000  0.009940  0.143867  0.242126  0.340385  0.657245
   825.900000  0.010616  0.146510  0.246002  0.345493  0.645395
   828.110000  0.008655  0.144872  0.243750  0.342628  0.658985
   830.320000  0.009961  0.145348  0.243946  0.342543  0.647292
   832.530000  0.012151  0.146417  0.245306  0.344195  0.638601
   834.740000  0.011873  0.146430  0.245170  0.343909  0.654826
   836.950000  0.009407  0.147167  0.246229  0.345291  0.668645
   839.160000  0.013034  0.147103  0.245724  0.344344  0.663965
   841.370000  0.006741  0.147390  0.246194  0.344998  0.646994
   843.580000  0.007459  0.147494  0.245843  0.344192  0.632069
   845.800000  0.009962  0.148480  0.247145  0.345810  0.651528
   848.010000  0.012490  0.148330  0.246622  0.344914  0.651208
   850.230000  0.009532  0.148238  0.245915  0.343592  0.651545
   852.440000  0.005107  0.148562  0.246628  0.344695  0.637892
   854.660000  0.009169  0.147931  0.244946  0.341961  0.646995
   856.880000  0.008359  0.151034  0.249449  0.347864  0.664688
   859.100000  0.004047  0.150420  0.249159  0.347898  0.649452
   861.320000  0.010517  0.150157  0.248059  0.345960  0.650582
   863.540000  0.011649  0.150676  0.248762  0.346848  0.653138
   865.760000  0.011172  0.149331  0.246833  0.344335  0.656831
   867.980000  0.006550  0.149908  0.246908  0.343909  0.652431
   870.200000  0.001642  0.152360  0.251039  0.349717  0.646328
   872.430000  0.004181  0.151636  0.249846  0.348056  0.680827
   874.650000  0.003422  0.152685  0.250626  0.348567  0.668356
   876.880000  0.008043  0.153011  0.251148  0.349285  0.662901
   879.110000  0.008059  0.153498  0.251809  0.350120  0.660954
   881.330000  0.007482  0.153582  0.251609  0.349636  0.655538
   883.560000  0.008919  0.153925  0.251767  0.349609  0.642910
   885.790000  0.006089  0.154073  0.251432  0.348792  0.617229
   888.020000  0.003189  0.154688  0.252464  0.350240  0.666297
   890.250000  0.008831  0.154987  0.252956  0.350925  0.657816
   892.480000  0.007935  0.154226  0.251703  0.349180  0.622771
   894.710000  0.009603  0.154630  0.252417  0.350204  0.653217
   896.950000  0.008830  0.153728  0.250638  0.347547  0.666171
   899.180000  0.004103  0.154395  0.250324  0.346253  0.635476
   901.420000  0.000000  0.155405  0.251767  0.348130  0.624260
   903.650000  0.001489  0.157450  0.255029  0.352609  0.652500
   905.890000  0.001428  0.157698  0.255704  0.353710  0.677207
   908.130000  0.004674  0.156575  0.253175  0.349775  0.611358
   910.370000  0.008451  0.157336  0.253891  0.350445  0.676625
   912.600000  0.003628  0.158404  0.255615  0.352825  0.626518
   914.840000  0.003567  0.158072  0.254964  0.351856  0.611263
   917.090000  0.003643  0.157373  0.253720  0.350068  0.628323
   919.330000  0.000000  0.157242  0.254174  0.351107  0.583758
   921.570000  0.007748  0.159162  0.257334  0.355506  0.622784
   923.810000  0.000000  0.157525  0.254247  0.350969  0.665235
   926.060000  0.000000  0.157842  0.254640  0.351438  0.609422
   928.300000  0.004524  0.158046  0.254814  0.351581  0.689464
   930.550000  0.000000  0.155910  0.251269  0.346627  0.646557
   932.800000  0.000000  0.151909  0.244246  0.336583  0.592956
   935.040000  0.000000  0.153435  0.245133  0.336832  0.681463
   937.290000  0.000000  0.161591  0.256192  0.350793  0.612902
   939.540000  0.000000  0.160032  0.255813  0.351595  0.654914
   941.790000  0.000000  0.158712  0.254491  0.350270  0.632163
   944.040000  0.000000  0.157224  0.251730  0.346236  0.606397
   946.290000  0.000000  0.157770  0.252274  0.346779  0.627672
   948.550000  0.000000  0.156134  0.251131  0.346128  0.582394
   950.800000  0.000000  0.158584  0.252959  0.347334  0.583457
   953.060000  0.000000  0.158091  0.253276  0.348460  0.656950
   955.310000  0.000000  0.158905  0.254051  0.349196  0.587796
   957.570000  0.000000  0.158680  0.254621  0.350562  0.629666
   959.820000  0.000000  0.157764  0.254127  0.350490  0.614054
   962.080000  0.000000  0.158384  0.255154  0.351925  0.605828
   964.340000  0.000000  0.156792  0.253890  0.350989  0.707867
   966.600000  0.000000  0.158083  0.255037  0.351991  0.581038
   968.860000  0.000000  0.160316  0.258627  0.356937  0.664098
   971.120000  0.000000  0.158364  0.256473  0.354582  0.624955
   973.380000  0.000000  0.156805  0.254895  0.352985  0.628459
   975.650000  0.000000  0.157530  0.254915  0.352299  0.635356
   977.910000  0.000000  0.156770  0.254080  0.351390  0.621496
   980.180000  0.000000  0.156304  0.252644  0.348983  0.599710
   982.440000  0.000000  0.156514  0.255874  0.355235  0.614863
   984.710000  0.000000  0.152473  0.249543  0.346614  0.607393
   986.970000  0.000000  0.155926  0.253408  0.350889  0.596449
   989.240000  0.000000  0.155472  0.253190  0.350908  0.661585
   991.510000  0.000000  0.153352  0.252922  0.352491  0.658162
   993.780000  0.000000  0.152417  0.251192  0.349968  0.663155
   996.050000  0.000000  0.150018  0.250016  0.350015  0.703417
   998.320000  0.000000  0.149867  0.251210  0.352553  0.676522
  1000.590000  0.000000  0.150048  0.251217  0.352385  0.647594
  1002.870000  0.000000  0.144045  0.243656  0.343268  0.605000
  1005.140000  0.000000  0.149175  0.253265  0.357356  0.700094
  1007.420000  0.000000  0.146112  0.250412  0.354713  0.673877
  1009.690000  0.000000  0.141302  0.244328  0.347354  0.663124
  1011.970000  0.000000  0.137977  0.241538  0.345098  0.642226
  1014.250000  0.000000  0.140847  0.247144  0.353440  0.695658
  1016.520000  0.000000  0.131703  0.238220  0.344737  0.669048
  1018.800000  0.000000  0.127891  0.233579  0.339267  0.619207
  1021.080000  0.000000  0.131059  0.239444  0.347829  0.713038
  1023.360000  0.000000  0.126166  0.235570  0.344975  0.736573
  1025.650000  0.000000  0.120195  0.233274  0.346353  0.740437
