ENVI ASCII Plot File [Sun Jul 30 10:00:28 2023]
Column 1: Wavelength
Column 2: Min: ROI #3~~2##255,0,0
Column 3: Mean-StdDev: ROI #3~~21##0,200,0
Column 4: Mean: ROI #3~~0##0,0,0
Column 5: Mean+StdDev: ROI #3~~21##0,200,0
Column 6: Max: ROI #3~~2##255,0,0
   381.170000  0.000000  0.090506  0.133280  0.176054  0.295609
   383.200000  0.000000  0.087019  0.127480  0.167942  0.298935
   385.230000  0.000000  0.091921  0.130451  0.168982  0.296152
   387.260000  0.005987  0.091812  0.127636  0.163461  0.278707
   389.290000  0.007414  0.088992  0.123634  0.158276  0.278608
   391.330000  0.018617  0.085379  0.118679  0.151978  0.284752
   393.360000  0.020989  0.073901  0.103864  0.133828  0.283585
   395.390000  0.022253  0.069974  0.098774  0.127573  0.308557
   397.430000  0.013065  0.060809  0.087622  0.114435  0.328741
   399.470000  0.015253  0.056447  0.083233  0.110019  0.354692
   401.500000  0.012028  0.051201  0.077209  0.103218  0.403387
   403.540000  0.013437  0.047409  0.072693  0.097978  0.408703
   405.580000  0.011689  0.044180  0.069082  0.093983  0.416782
   407.620000  0.009129  0.041786  0.066550  0.091315  0.425659
   409.660000  0.007490  0.039569  0.064274  0.088980  0.443848
   411.700000  0.009501  0.037843  0.062463  0.087083  0.476961
   413.740000  0.007037  0.036076  0.060764  0.085453  0.470855
   415.780000  0.008553  0.034770  0.059427  0.084085  0.469026
   417.830000  0.008300  0.033697  0.058564  0.083430  0.499668
   419.870000  0.008235  0.033132  0.058179  0.083226  0.506760
   421.920000  0.008346  0.032640  0.058250  0.083859  0.504101
   423.960000  0.006956  0.032460  0.058355  0.084249  0.488995
   426.010000  0.007109  0.032514  0.058927  0.085341  0.468720
   428.060000  0.008297  0.032454  0.059135  0.085815  0.461010
   430.110000  0.007651  0.032005  0.058908  0.085811  0.479792
   432.160000  0.008471  0.032666  0.059945  0.087225  0.483461
   434.210000  0.007984  0.032685  0.060284  0.087884  0.409480
   436.260000  0.007064  0.033011  0.060821  0.088632  0.387910
   438.310000  0.008245  0.032920  0.060806  0.088692  0.369287
   440.360000  0.008741  0.033111  0.061323  0.089535  0.372654
   442.420000  0.007804  0.033587  0.062125  0.090663  0.343890
   444.470000  0.006158  0.033912  0.062689  0.091465  0.325271
   446.530000  0.006477  0.034193  0.063301  0.092409  0.319923
   448.590000  0.006786  0.034675  0.064254  0.093833  0.305544
   450.640000  0.007349  0.035079  0.065034  0.094989  0.289769
   452.700000  0.007330  0.035463  0.065795  0.096126  0.281157
   454.760000  0.007036  0.035780  0.066504  0.097228  0.286064
   456.820000  0.007396  0.036162  0.067201  0.098239  0.272807
   458.880000  0.006080  0.036449  0.067781  0.099114  0.264139
   460.940000  0.006876  0.036770  0.068402  0.100035  0.261276
   463.000000  0.007680  0.037093  0.069050  0.101008  0.251562
   465.070000  0.007754  0.037301  0.069434  0.101566  0.251365
   467.130000  0.006281  0.037482  0.069964  0.102445  0.253769
   469.200000  0.005923  0.037728  0.070471  0.103213  0.251529
   471.260000  0.006049  0.037976  0.071028  0.104081  0.247996
   473.330000  0.005535  0.038295  0.071666  0.105037  0.241091
   475.400000  0.007118  0.038540  0.072119  0.105698  0.235567
   477.460000  0.005635  0.038688  0.072550  0.106413  0.233237
   479.530000  0.006220  0.039051  0.073219  0.107386  0.228374
   481.600000  0.005941  0.039335  0.073722  0.108110  0.224781
   483.670000  0.007086  0.039597  0.074323  0.109049  0.222329
   485.750000  0.006535  0.039666  0.074702  0.109738  0.229656
   487.820000  0.007324  0.039706  0.075035  0.110364  0.245529
   489.890000  0.005456  0.040409  0.076175  0.111941  0.230733
   491.970000  0.005288  0.040639  0.076509  0.112378  0.221314
   494.040000  0.006226  0.040861  0.077036  0.113210  0.222370
   496.120000  0.006033  0.041372  0.077846  0.114320  0.217203
   498.190000  0.005319  0.041627  0.078278  0.114930  0.214655
   500.270000  0.006105  0.041682  0.078618  0.115554  0.218270
   502.350000  0.006166  0.041913  0.079142  0.116372  0.223467
   504.430000  0.005601  0.042357  0.079983  0.117610  0.223830
   506.510000  0.007113  0.042790  0.080760  0.118730  0.221901
   508.590000  0.005660  0.043039  0.081192  0.119345  0.221367
   510.670000  0.006238  0.043398  0.081943  0.120488  0.224316
   512.750000  0.006261  0.043724  0.082527  0.121331  0.224658
   514.840000  0.006850  0.043832  0.082904  0.121976  0.227804
   516.920000  0.005877  0.044208  0.083715  0.123223  0.235779
   519.010000  0.006427  0.044315  0.084232  0.124149  0.249190
   521.090000  0.005574  0.045261  0.085611  0.125962  0.241276
   523.180000  0.006801  0.045563  0.085967  0.126370  0.231937
   525.270000  0.007479  0.046082  0.086775  0.127467  0.230483
   527.360000  0.007381  0.046238  0.087114  0.127990  0.232595
   529.450000  0.005380  0.046875  0.088352  0.129830  0.238130
   531.540000  0.007242  0.047633  0.089320  0.131006  0.227678
   533.630000  0.007767  0.047919  0.089937  0.131956  0.228801
   535.720000  0.007079  0.048614  0.091255  0.133896  0.232796
   537.810000  0.007869  0.049077  0.092073  0.135070  0.230356
   539.910000  0.006465  0.049676  0.093196  0.136715  0.232773
   542.000000  0.006905  0.050190  0.094270  0.138350  0.235888
   544.090000  0.007682  0.051125  0.095891  0.140657  0.233839
   546.190000  0.007886  0.052064  0.097361  0.142657  0.230890
   548.290000  0.007240  0.052758  0.098707  0.144656  0.230274
   550.390000  0.007734  0.053579  0.100302  0.147025  0.230693
   552.480000  0.008111  0.054385  0.101911  0.149438  0.232761
   554.580000  0.006567  0.055187  0.103827  0.152466  0.239053
   556.680000  0.005870  0.056198  0.106066  0.155934  0.245276
   558.790000  0.006844  0.057037  0.108185  0.159334  0.253875
   560.890000  0.009016  0.058169  0.110616  0.163064  0.260934
   562.990000  0.006390  0.059474  0.113279  0.167084  0.260843
   565.090000  0.007253  0.060532  0.115556  0.170580  0.261038
   567.200000  0.007518  0.061492  0.117833  0.174173  0.264172
   569.310000  0.007433  0.062687  0.120474  0.178261  0.266452
   571.410000  0.007556  0.063543  0.122739  0.181936  0.270587
   573.520000  0.007291  0.064704  0.125560  0.186416  0.273849
   575.630000  0.008177  0.065827  0.128015  0.190202  0.271964
   577.740000  0.007209  0.066767  0.130558  0.194349  0.277414
   579.850000  0.009006  0.067726  0.133020  0.198315  0.279974
   581.960000  0.007598  0.068902  0.135608  0.202314  0.278545
   584.070000  0.008337  0.069965  0.137768  0.205571  0.275145
   586.180000  0.007197  0.070667  0.139428  0.208189  0.274598
   588.290000  0.007090  0.071479  0.141777  0.212075  0.281186
   590.410000  0.006991  0.071709  0.143282  0.214855  0.289364
   592.520000  0.008680  0.073177  0.146341  0.219504  0.292912
   594.640000  0.007100  0.074041  0.147660  0.221279  0.287828
   596.750000  0.007799  0.074570  0.149276  0.223981  0.289489
   598.870000  0.007300  0.075276  0.150930  0.226585  0.292820
   600.990000  0.007404  0.075736  0.152280  0.228824  0.296856
   603.110000  0.007774  0.076188  0.153570  0.230952  0.299973
   605.230000  0.007899  0.076982  0.155096  0.233211  0.299368
   607.350000  0.009112  0.077477  0.156185  0.234893  0.300875
   609.470000  0.007472  0.077941  0.157466  0.236991  0.303600
   611.590000  0.007885  0.078402  0.158750  0.239097  0.307835
   613.720000  0.009000  0.078975  0.160136  0.241296  0.311461
   615.840000  0.009108  0.079255  0.161004  0.242753  0.315968
   617.970000  0.006756  0.079377  0.161629  0.243880  0.316300
   620.090000  0.007279  0.080025  0.162752  0.245479  0.315622
   622.220000  0.009228  0.080163  0.163179  0.246195  0.316695
   624.340000  0.007528  0.080250  0.164194  0.248138  0.325708
   626.470000  0.007815  0.080634  0.165543  0.250452  0.335476
   628.600000  0.008545  0.081090  0.166666  0.252243  0.340719
   630.730000  0.009814  0.081373  0.167500  0.253628  0.346009
   632.860000  0.008477  0.081869  0.168458  0.255046  0.348719
   635.000000  0.007369  0.082375  0.169311  0.256246  0.347857
   637.130000  0.007492  0.082701  0.169902  0.257103  0.347481
   639.260000  0.008083  0.083113  0.170623  0.258133  0.347137
   641.400000  0.007637  0.083038  0.170854  0.258670  0.350099
   643.530000  0.006238  0.083439  0.171870  0.260300  0.355600
   645.670000  0.008336  0.083690  0.172587  0.261483  0.356908
   647.800000  0.007142  0.083833  0.173215  0.262596  0.361235
   649.940000  0.008804  0.083876  0.173835  0.263795  0.367070
   652.080000  0.007713  0.084219  0.174724  0.265229  0.373720
   654.220000  0.008694  0.084751  0.175903  0.267056  0.378756
   656.360000  0.007419  0.083858  0.175084  0.266310  0.391039
   658.500000  0.005942  0.084465  0.176264  0.268062  0.408247
   660.640000  0.007252  0.085466  0.177927  0.270388  0.396711
   662.780000  0.009169  0.085205  0.177645  0.270085  0.391361
   664.930000  0.007781  0.085236  0.177997  0.270759  0.393655
   667.070000  0.008372  0.085493  0.178861  0.272229  0.399618
   669.220000  0.009540  0.085737  0.179606  0.273474  0.403946
   671.360000  0.007952  0.085978  0.180191  0.274404  0.408209
   673.510000  0.008025  0.086169  0.180799  0.275429  0.412121
   675.660000  0.007269  0.086540  0.181537  0.276535  0.414234
   677.810000  0.008534  0.086917  0.182276  0.277635  0.417800
   679.960000  0.008870  0.087136  0.182915  0.278694  0.419688
   682.110000  0.008749  0.087591  0.183683  0.279774  0.421123
   684.260000  0.008528  0.088340  0.184794  0.281248  0.431213
   686.410000  0.008871  0.088637  0.185388  0.282139  0.451796
   688.560000  0.007589  0.088149  0.184335  0.280520  0.494567
   690.720000  0.008767  0.091010  0.188293  0.285577  0.514033
   692.870000  0.009421  0.092640  0.190005  0.287370  0.491731
   695.030000  0.009221  0.093928  0.191231  0.288534  0.477974
   697.180000  0.009348  0.095485  0.192732  0.289979  0.477174
   699.340000  0.009764  0.096851  0.194150  0.291448  0.481733
   701.500000  0.009147  0.098237  0.195429  0.292622  0.490016
   703.660000  0.009662  0.099679  0.196714  0.293749  0.499840
   705.820000  0.010387  0.101471  0.198807  0.296143  0.503424
   707.980000  0.010130  0.102568  0.199806  0.297044  0.508948
   710.140000  0.008922  0.103703  0.200929  0.298154  0.517829
   712.300000  0.009776  0.105141  0.202575  0.300010  0.530663
   714.460000  0.009658  0.106355  0.204068  0.301781  0.546929
   716.630000  0.012325  0.107486  0.205417  0.303348  0.568787
   718.790000  0.009658  0.107852  0.205477  0.303102  0.598899
   720.960000  0.007496  0.109566  0.207330  0.305095  0.629389
   723.130000  0.010834  0.111986  0.210457  0.308927  0.628848
   725.290000  0.010814  0.112607  0.211058  0.309509  0.618122
   727.460000  0.010963  0.113511  0.212289  0.311067  0.621336
   729.630000  0.011103  0.113679  0.212213  0.310747  0.624917
   731.800000  0.010470  0.114841  0.213374  0.311906  0.644702
   733.970000  0.009776  0.116003  0.214942  0.313880  0.650194
   736.140000  0.012937  0.116641  0.215821  0.315000  0.648904
   738.310000  0.010093  0.117334  0.216585  0.315837  0.657651
   740.490000  0.013518  0.118112  0.217608  0.317104  0.670360
   742.660000  0.010719  0.119063  0.218709  0.318356  0.681456
   744.840000  0.009633  0.120031  0.219971  0.319911  0.684790
   747.010000  0.011903  0.120455  0.220665  0.320874  0.690596
   749.190000  0.010355  0.120997  0.221353  0.321710  0.700867
   751.370000  0.011541  0.121315  0.221552  0.321789  0.718781
   753.540000  0.009859  0.121993  0.222550  0.323106  0.736643
   755.720000  0.009990  0.122756  0.223585  0.324413  0.758455
   757.900000  0.013706  0.123891  0.225487  0.327082  0.815917
   760.080000  0.016787  0.119900  0.220284  0.320668  0.921926
   762.270000  0.010446  0.116435  0.211047  0.305660  0.824362
   764.450000  0.018168  0.127117  0.225565  0.324012  0.938273
   766.630000  0.014617  0.128132  0.228178  0.328224  0.945656
   768.820000  0.014664  0.127728  0.229184  0.330640  0.982654
   771.000000  0.011056  0.126581  0.227864  0.329148  0.947694
   773.190000  0.013022  0.126298  0.227574  0.328850  0.948362
   775.370000  0.010741  0.126498  0.227706  0.328914  0.963119
   777.560000  0.013724  0.127199  0.228490  0.329781  0.980059
   779.750000  0.016240  0.127538  0.228767  0.329997  0.965864
   781.940000  0.010113  0.128061  0.229252  0.330443  1.000843
   784.130000  0.014066  0.128205  0.229315  0.330426  0.964353
   786.320000  0.017436  0.128972  0.230277  0.331583  0.952619
   788.510000  0.011345  0.129047  0.230201  0.331355  0.970986
   790.700000  0.013386  0.129799  0.230975  0.332152  0.953037
   792.900000  0.013400  0.130022  0.231047  0.332071  0.955211
   795.090000  0.015351  0.130216  0.231377  0.332538  1.002731
   797.290000  0.012237  0.131046  0.232284  0.333521  0.977860
   799.480000  0.015798  0.131344  0.232496  0.333648  0.970662
   801.680000  0.015228  0.131608  0.232734  0.333860  0.965373
   803.880000  0.016054  0.132202  0.233255  0.334308  1.008556
   806.080000  0.017837  0.132411  0.233711  0.335012  0.994097
   808.280000  0.018079  0.132888  0.234212  0.335535  0.988252
   810.480000  0.015624  0.133350  0.234620  0.335890  1.004234
   812.680000  0.015841  0.134099  0.235151  0.336204  0.995149
   814.880000  0.017744  0.133948  0.234948  0.335949  0.972426
   817.080000  0.018209  0.134060  0.234816  0.335573  0.998031
   819.290000  0.011473  0.134485  0.235152  0.335819  0.995507
   821.490000  0.019470  0.135627  0.236532  0.337437  1.002392
   823.700000  0.017469  0.134998  0.235488  0.335978  1.017982
   825.900000  0.020170  0.136574  0.237498  0.338422  1.021851
   828.110000  0.017826  0.136325  0.236916  0.337507  0.966841
   830.320000  0.017895  0.136291  0.236917  0.337544  0.973747
   832.530000  0.020251  0.136941  0.237865  0.338789  0.984141
   834.740000  0.019157  0.137499  0.237952  0.338406  0.962308
   836.950000  0.016336  0.138134  0.238595  0.339055  0.968831
   839.160000  0.020023  0.138362  0.238794  0.339227  0.987766
   841.370000  0.019725  0.138663  0.239038  0.339413  0.941594
   843.580000  0.017073  0.138753  0.239140  0.339527  0.956999
   845.800000  0.019924  0.139887  0.240290  0.340693  0.969139
   848.010000  0.012713  0.139567  0.239649  0.339731  0.926043
   850.230000  0.014015  0.139255  0.238992  0.338729  0.925486
   852.440000  0.019725  0.140284  0.240192  0.340099  0.899893
   854.660000  0.016075  0.139292  0.238881  0.338470  0.931644
   856.880000  0.018975  0.141498  0.241123  0.340747  0.947306
   859.100000  0.011215  0.141648  0.241628  0.341607  0.946313
   861.320000  0.016295  0.141493  0.241291  0.341088  0.961803
   863.540000  0.017648  0.142232  0.242473  0.342714  0.981047
   865.760000  0.020086  0.141964  0.241485  0.341005  0.899228
   867.980000  0.007106  0.142096  0.240985  0.339874  0.886303
   870.200000  0.022568  0.144187  0.243811  0.343436  0.908205
   872.430000  0.017860  0.143767  0.243478  0.343189  0.898909
   874.650000  0.019269  0.143638  0.243051  0.342465  0.904867
   876.880000  0.015602  0.144150  0.243865  0.343581  0.952020
   879.110000  0.008120  0.145100  0.244928  0.344756  0.918173
   881.330000  0.017822  0.145039  0.244413  0.343786  0.949396
   883.560000  0.013440  0.145223  0.244855  0.344488  0.889041
   885.790000  0.022833  0.145390  0.244895  0.344400  0.873997
   888.020000  0.016558  0.146034  0.245000  0.343966  0.851682
   890.250000  0.014963  0.146169  0.245775  0.345381  0.884528
   892.480000  0.022084  0.146065  0.245155  0.344245  0.876886
   894.710000  0.016427  0.146610  0.245459  0.344309  0.890268
   896.950000  0.017661  0.146937  0.246035  0.345132  0.816618
   899.180000  0.017731  0.146854  0.245017  0.343180  0.851311
   901.420000  0.013270  0.147223  0.244835  0.342448  0.865353
   903.650000  0.020920  0.149013  0.246988  0.344963  0.838656
   905.890000  0.007410  0.148855  0.248137  0.347419  0.856894
   908.130000  0.015697  0.148076  0.246512  0.344948  0.879817
   910.370000  0.011729  0.149462  0.247114  0.344767  0.910544
   912.600000  0.024382  0.149318  0.247666  0.346014  0.864890
   914.840000  0.010775  0.149356  0.247761  0.346166  0.865203
   917.090000  0.016759  0.149003  0.245915  0.342827  0.904340
   919.330000  0.011409  0.150196  0.247660  0.345125  0.813030
   921.570000  0.007748  0.151523  0.250171  0.348818  0.858668
   923.810000  0.013777  0.150339  0.248232  0.346126  0.798368
   926.060000  0.006168  0.150430  0.248054  0.345678  0.845818
   928.300000  0.013280  0.151677  0.249515  0.347353  0.806211
   930.550000  0.004912  0.150621  0.248213  0.345805  0.814990
   932.800000  0.000000  0.147348  0.241887  0.336426  0.772615
   935.040000  0.000000  0.149725  0.242092  0.334459  0.689945
   937.290000  0.000000  0.150851  0.245743  0.340636  0.735028
   939.540000  0.003704  0.152523  0.247989  0.343455  0.836903
   941.790000  0.010541  0.151724  0.247056  0.342389  0.847691
   944.040000  0.000000  0.151460  0.246996  0.342531  0.739623
   946.290000  0.000000  0.150269  0.245351  0.340433  0.794501
   948.550000  0.000000  0.149208  0.243823  0.338438  0.795075
   950.800000  0.004127  0.151656  0.246521  0.341386  0.782229
   953.060000  0.000000  0.152804  0.247513  0.342221  0.724507
   955.310000  0.000000  0.151118  0.246647  0.342176  0.764371
   957.570000  0.000000  0.152278  0.247447  0.342617  0.856975
   959.820000  0.000000  0.150728  0.247051  0.343375  0.801014
   962.080000  0.000000  0.152576  0.248161  0.343746  0.783043
   964.340000  0.000000  0.152615  0.248651  0.344686  0.803076
   966.600000  0.000000  0.152479  0.248453  0.344426  0.745740
   968.860000  0.000000  0.153166  0.250920  0.348675  0.783708
   971.120000  0.000000  0.152006  0.250033  0.348060  0.736354
   973.380000  0.000000  0.152520  0.249336  0.346152  0.949347
   975.650000  0.000000  0.150405  0.248421  0.346436  0.740252
   977.910000  0.000000  0.150253  0.247022  0.343790  0.721397
   980.180000  0.000000  0.148216  0.244461  0.340706  0.790618
   982.440000  0.000000  0.150489  0.248031  0.345574  0.791679
   984.710000  0.000000  0.146402  0.242574  0.338747  0.724819
   986.970000  0.000000  0.149849  0.247222  0.344596  0.698159
   989.240000  0.000000  0.148685  0.245804  0.342923  0.785297
   991.510000  0.000000  0.147309  0.245925  0.344542  0.817439
   993.780000  0.000000  0.146270  0.243755  0.341240  0.683164
   996.050000  0.000000  0.146389  0.245140  0.343891  0.736665
   998.320000  0.000000  0.148823  0.248716  0.348609  0.733020
  1000.590000  0.000000  0.144045  0.244116  0.344188  0.690635
  1002.870000  0.000000  0.139397  0.237936  0.336476  0.698347
  1005.140000  0.000000  0.145719  0.248027  0.350336  0.656421
  1007.420000  0.000000  0.140772  0.244039  0.347307  0.655967
  1009.690000  0.000000  0.135534  0.235918  0.336301  0.737782
  1011.970000  0.000000  0.133791  0.234175  0.334560  0.679174
  1014.250000  0.000000  0.136930  0.240921  0.344913  0.739812
  1016.520000  0.000000  0.128960  0.233397  0.337834  0.634881
  1018.800000  0.000000  0.124509  0.228709  0.332909  0.681887
  1021.080000  0.000000  0.126648  0.233062  0.339475  0.670661
  1023.360000  0.000000  0.122483  0.229922  0.337361  0.676768
  1025.650000  0.000000  0.118473  0.226797  0.335122  0.744325
