ENVI ASCII Plot File [Sun Jul 30 11:20:31 2023]
Column 1: Wavelength
Column 2: Min: ROI #5~~2##255,0,0
Column 3: Mean-StdDev: ROI #5~~21##0,200,0
Column 4: Mean: ROI #5~~0##0,0,0
Column 5: Mean+StdDev: ROI #5~~21##0,200,0
Column 6: Max: ROI #5~~2##255,0,0
   381.170000  0.000000  0.077702  0.119405  0.161107  0.282580
   383.200000  0.000000  0.074708  0.113830  0.152951  0.281401
   385.230000  0.000000  0.079992  0.117415  0.154838  0.294221
   387.260000  0.003658  0.080250  0.114340  0.148431  0.277710
   389.290000  0.000000  0.079392  0.111527  0.143662  0.266346
   391.330000  0.009547  0.075232  0.105640  0.136048  0.282126
   393.360000  0.006063  0.063026  0.089011  0.114996  0.216187
   395.390000  0.012716  0.061653  0.088002  0.114351  0.224911
   397.430000  0.014208  0.052996  0.076393  0.099790  0.194501
   399.470000  0.012490  0.050734  0.074338  0.097943  0.211003
   401.500000  0.012203  0.045155  0.067445  0.089735  0.226535
   403.540000  0.010058  0.041392  0.062816  0.084240  0.219321
   405.580000  0.009278  0.038456  0.059437  0.080418  0.238526
   407.620000  0.009983  0.036772  0.057501  0.078229  0.227180
   409.660000  0.008492  0.034720  0.055287  0.075855  0.233719
   411.700000  0.007974  0.033405  0.053919  0.074433  0.235992
   413.740000  0.009055  0.031785  0.052005  0.072225  0.249087
   415.780000  0.008503  0.030787  0.050960  0.071133  0.259447
   417.830000  0.007190  0.029937  0.050084  0.070231  0.270752
   419.870000  0.008523  0.029559  0.049884  0.070208  0.270282
   421.920000  0.007016  0.029284  0.049912  0.070540  0.290409
   423.960000  0.008557  0.029039  0.049862  0.070685  0.303345
   426.010000  0.007334  0.029057  0.050275  0.071492  0.304097
   428.060000  0.007886  0.028778  0.050249  0.071720  0.323067
   430.110000  0.005640  0.028532  0.050112  0.071693  0.332416
   432.160000  0.007851  0.029494  0.051607  0.073720  0.338267
   434.210000  0.008115  0.029013  0.051471  0.073929  0.359310
   436.260000  0.006780  0.029092  0.051799  0.074506  0.365784
   438.310000  0.007185  0.028730  0.051534  0.074339  0.362181
   440.360000  0.007847  0.029106  0.052302  0.075498  0.377736
   442.420000  0.007123  0.029276  0.052874  0.076472  0.391436
   444.470000  0.007390  0.029296  0.053152  0.077007  0.393050
   446.530000  0.007020  0.029539  0.053757  0.077975  0.391101
   448.590000  0.006997  0.029963  0.054586  0.079209  0.386905
   450.640000  0.006943  0.030220  0.055122  0.080025  0.366343
   452.700000  0.006691  0.030305  0.055574  0.080843  0.354960
   454.760000  0.006930  0.030706  0.056290  0.081874  0.361274
   456.820000  0.007603  0.030980  0.056896  0.082813  0.344947
   458.880000  0.006284  0.031091  0.057244  0.083397  0.333095
   460.940000  0.007012  0.031363  0.057759  0.084155  0.330884
   463.000000  0.006395  0.031618  0.058265  0.084912  0.319298
   465.070000  0.006505  0.031637  0.058380  0.085124  0.316809
   467.130000  0.007149  0.031819  0.058857  0.085895  0.320585
   469.200000  0.006625  0.032043  0.059302  0.086561  0.317850
   471.260000  0.006517  0.032212  0.059652  0.087092  0.314172
   473.330000  0.006162  0.032554  0.060336  0.088119  0.308340
   475.400000  0.005590  0.032683  0.060687  0.088691  0.301739
   477.460000  0.006026  0.032790  0.060913  0.089037  0.297727
   479.530000  0.005410  0.033115  0.061555  0.089995  0.290869
   481.600000  0.005489  0.033263  0.061837  0.090412  0.284447
   483.670000  0.005623  0.033329  0.062076  0.090823  0.281552
   485.750000  0.006025  0.033415  0.062358  0.091302  0.291129
   487.820000  0.005127  0.033658  0.062852  0.092047  0.308183
   489.890000  0.005109  0.034367  0.064007  0.093647  0.292178
   491.970000  0.006694  0.034334  0.064091  0.093849  0.279788
   494.040000  0.005820  0.034588  0.064557  0.094527  0.281617
   496.120000  0.006263  0.035004  0.065303  0.095602  0.273605
   498.190000  0.005448  0.035088  0.065491  0.095893  0.271083
   500.270000  0.006430  0.035096  0.065533  0.095971  0.274940
   502.350000  0.005705  0.035267  0.065899  0.096532  0.282458
   504.430000  0.006727  0.035773  0.066886  0.097999  0.284543
   506.510000  0.005146  0.036031  0.067343  0.098654  0.280736
   508.590000  0.005039  0.036212  0.067687  0.099162  0.279408
   510.670000  0.006305  0.036575  0.068371  0.100168  0.283448
   512.750000  0.005861  0.036762  0.068698  0.100634  0.283636
   514.840000  0.005896  0.036834  0.068842  0.100850  0.288709
   516.920000  0.006939  0.037116  0.069470  0.101825  0.299326
   519.010000  0.005829  0.037355  0.069889  0.102423  0.315738
   521.090000  0.006509  0.038361  0.071629  0.104897  0.305398
   523.180000  0.007111  0.038355  0.071636  0.104916  0.292326
   525.270000  0.006153  0.038682  0.072174  0.105666  0.289362
   527.360000  0.005604  0.038657  0.072209  0.105761  0.291846
   529.450000  0.006629  0.039493  0.073542  0.107592  0.298279
   531.540000  0.006876  0.039794  0.074094  0.108395  0.285677
   533.630000  0.006596  0.039960  0.074387  0.108815  0.288797
   535.720000  0.007248  0.040713  0.075685  0.110658  0.292341
   537.810000  0.006463  0.040979  0.076186  0.111393  0.289293
   539.910000  0.005781  0.041390  0.076987  0.112583  0.293455
   542.000000  0.005923  0.041815  0.077656  0.113496  0.296910
   544.090000  0.006560  0.042631  0.079288  0.115945  0.295999
   546.190000  0.006309  0.043325  0.080381  0.117437  0.292744
   548.290000  0.006612  0.043824  0.081273  0.118722  0.290082
   550.390000  0.006739  0.044496  0.082386  0.120277  0.289354
   552.480000  0.008270  0.044955  0.083255  0.121555  0.292335
   554.580000  0.007828  0.045695  0.084619  0.123542  0.302779
   556.680000  0.007980  0.046516  0.086166  0.125816  0.310206
   558.790000  0.007150  0.047294  0.087546  0.127798  0.320476
   560.890000  0.007310  0.048399  0.089525  0.130651  0.328291
   562.990000  0.007012  0.049453  0.091694  0.133935  0.328679
   565.090000  0.007115  0.050215  0.093170  0.136125  0.330371
   567.200000  0.008346  0.050946  0.094616  0.138287  0.334388
   569.310000  0.007433  0.051897  0.096574  0.141250  0.338502
   571.410000  0.008218  0.052545  0.098019  0.143492  0.343535
   573.520000  0.008268  0.053750  0.100388  0.147027  0.346550
   575.630000  0.008625  0.054305  0.101760  0.149215  0.344380
   577.740000  0.007944  0.055117  0.103547  0.151978  0.348946
   579.850000  0.007634  0.055922  0.105301  0.154679  0.350935
   581.960000  0.009069  0.056846  0.107380  0.157915  0.350431
   584.070000  0.008095  0.057530  0.108987  0.160444  0.346439
   586.180000  0.008650  0.057913  0.109971  0.162029  0.346846
   588.290000  0.007901  0.058489  0.111439  0.164390  0.354622
   590.410000  0.008784  0.058573  0.111879  0.165186  0.364080
   592.520000  0.009004  0.060155  0.115283  0.170411  0.368472
   594.640000  0.008682  0.060284  0.115737  0.171190  0.360479
   596.750000  0.009423  0.060746  0.117022  0.173297  0.363423
   598.870000  0.007938  0.061216  0.118128  0.175041  0.367132
   600.990000  0.009585  0.061537  0.118950  0.176363  0.373717
   603.110000  0.007090  0.061895  0.119870  0.177845  0.377422
   605.230000  0.009156  0.062544  0.121308  0.180071  0.377890
   607.350000  0.009578  0.062711  0.121810  0.180908  0.378578
   609.470000  0.009032  0.063109  0.122812  0.182516  0.384124
   611.590000  0.008545  0.063420  0.123699  0.183978  0.388113
   613.720000  0.009844  0.064010  0.124901  0.185791  0.392494
   615.840000  0.009545  0.064306  0.125576  0.186845  0.398412
   617.970000  0.008553  0.064346  0.125791  0.187236  0.399849
   620.090000  0.010013  0.064983  0.127127  0.189271  0.399312
   622.220000  0.008556  0.064773  0.127000  0.189227  0.400067
   624.340000  0.009112  0.064879  0.127143  0.189408  0.411719
   626.470000  0.008662  0.065376  0.128157  0.190938  0.424238
   628.600000  0.008993  0.065782  0.129035  0.192287  0.426543
   630.730000  0.008681  0.066113  0.129675  0.193237  0.432068
   632.860000  0.008401  0.066700  0.130675  0.194649  0.436211
   635.000000  0.010076  0.067039  0.131402  0.195765  0.435160
   637.130000  0.010400  0.067168  0.131852  0.196535  0.433438
   639.260000  0.009344  0.067441  0.132415  0.197389  0.434533
   641.400000  0.009528  0.067117  0.131923  0.196730  0.436743
   643.530000  0.007508  0.067396  0.132834  0.198272  0.444425
   645.670000  0.009824  0.067644  0.133302  0.198961  0.446480
   647.800000  0.008974  0.067635  0.133473  0.199311  0.452058
   649.940000  0.009331  0.067769  0.133952  0.200135  0.459176
   652.080000  0.009338  0.068094  0.134703  0.201313  0.467557
   654.220000  0.009188  0.068335  0.135421  0.202507  0.474736
   656.360000  0.010332  0.067372  0.133598  0.199824  0.489508
   658.500000  0.009216  0.068266  0.135082  0.201899  0.513987
   660.640000  0.009875  0.069059  0.137323  0.205586  0.495310
   662.780000  0.008263  0.068419  0.136227  0.204035  0.490295
   664.930000  0.008876  0.068239  0.136045  0.203850  0.494089
   667.070000  0.008905  0.068330  0.136660  0.204991  0.500845
   669.220000  0.009921  0.068554  0.137282  0.206009  0.506172
   671.360000  0.008143  0.068473  0.137335  0.206196  0.511503
   673.510000  0.009221  0.068674  0.137732  0.206790  0.517833
   675.660000  0.007927  0.068906  0.138373  0.207841  0.519098
   677.810000  0.009581  0.069095  0.138848  0.208600  0.522299
   679.960000  0.008286  0.069377  0.139435  0.209492  0.527217
   682.110000  0.008632  0.069718  0.139914  0.210109  0.530250
   684.260000  0.008607  0.070443  0.140961  0.211479  0.539589
   686.410000  0.010349  0.070493  0.140653  0.210813  0.568390
   688.560000  0.010518  0.070231  0.138540  0.206849  0.623313
   690.720000  0.009588  0.074106  0.145241  0.216376  0.647175
   692.870000  0.010156  0.075771  0.147430  0.219089  0.619914
   695.030000  0.010840  0.076810  0.148315  0.219820  0.603864
   697.180000  0.011848  0.078420  0.150043  0.221666  0.602054
   699.340000  0.011929  0.079755  0.151438  0.223120  0.606620
   701.500000  0.009600  0.081134  0.152715  0.224295  0.617989
   703.660000  0.012274  0.082880  0.154843  0.226806  0.631579
   705.820000  0.011211  0.084396  0.156969  0.229542  0.634947
   707.980000  0.013124  0.085400  0.157894  0.230387  0.638871
   710.140000  0.012170  0.086387  0.159102  0.231817  0.651777
   712.300000  0.013835  0.087590  0.160614  0.233638  0.666363
   714.460000  0.013563  0.088649  0.161976  0.235303  0.688186
   716.630000  0.014962  0.089481  0.162977  0.236472  0.709330
   718.790000  0.015009  0.089326  0.161756  0.234187  0.695390
   720.960000  0.013655  0.091344  0.164995  0.238645  0.693799
   723.130000  0.015772  0.093887  0.169795  0.245704  0.694618
   725.290000  0.014388  0.094040  0.169742  0.245443  0.684028
   727.460000  0.017668  0.095198  0.171435  0.247672  0.694727
   729.630000  0.013377  0.094926  0.170236  0.245546  0.685826
   731.800000  0.013675  0.095765  0.171468  0.247172  0.716100
   733.970000  0.017704  0.097023  0.173465  0.249907  0.681323
   736.140000  0.015847  0.097353  0.174042  0.250731  0.681448
   738.310000  0.018294  0.097672  0.174387  0.251101  0.691131
   740.490000  0.015475  0.098463  0.175330  0.252196  0.689659
   742.660000  0.016124  0.099147  0.176371  0.253595  0.687869
   744.840000  0.014245  0.099971  0.177781  0.255590  0.687712
   747.010000  0.017900  0.100518  0.178465  0.256412  0.673241
   749.190000  0.014876  0.100720  0.178637  0.256554  0.668311
   751.370000  0.016157  0.100798  0.178666  0.256534  0.686060
   753.540000  0.016855  0.101707  0.179963  0.258219  0.703523
   755.720000  0.014643  0.102359  0.181010  0.259662  0.696417
   757.900000  0.017061  0.103078  0.182404  0.261730  0.689971
   760.080000  0.014285  0.096048  0.169885  0.243722  0.668460
   762.270000  0.015367  0.092108  0.158298  0.224489  0.612423
   764.450000  0.020075  0.108807  0.188837  0.268866  0.699186
   766.630000  0.020478  0.110331  0.192654  0.274978  0.703169
   768.820000  0.020870  0.109021  0.191042  0.273062  0.681245
   771.000000  0.017787  0.106386  0.186335  0.266284  0.688401
   773.190000  0.016866  0.106034  0.185156  0.264279  0.676338
   775.370000  0.019276  0.106253  0.185448  0.264643  0.695991
   777.560000  0.017046  0.106836  0.186208  0.265580  0.683773
   779.750000  0.017689  0.106887  0.186141  0.265395  0.685201
   781.940000  0.015608  0.107258  0.186621  0.265984  0.697585
   784.130000  0.017729  0.107601  0.186803  0.266005  0.684254
   786.320000  0.018622  0.108464  0.187959  0.267454  0.686087
   788.510000  0.018379  0.108965  0.188439  0.267912  0.683752
   790.700000  0.019251  0.109259  0.188675  0.268091  0.696404
   792.900000  0.015836  0.109423  0.188838  0.268253  0.683048
   795.090000  0.016994  0.110083  0.189581  0.269079  0.676514
   797.290000  0.017739  0.111053  0.190933  0.270813  0.699125
   799.480000  0.020209  0.111053  0.191067  0.271081  0.712609
   801.680000  0.019358  0.111585  0.191512  0.271439  0.723784
   803.880000  0.013093  0.112094  0.192079  0.272064  0.699474
   806.080000  0.018621  0.112737  0.192717  0.272697  0.702694
   808.280000  0.017764  0.113171  0.193312  0.273452  0.699040
   810.480000  0.018281  0.113217  0.193356  0.273494  0.688568
   812.680000  0.017571  0.113932  0.194246  0.274560  0.703476
   814.880000  0.020859  0.113539  0.193099  0.272660  0.706764
   817.080000  0.018966  0.113711  0.193090  0.272469  0.689401
   819.290000  0.021817  0.114710  0.194640  0.274570  0.703680
   821.490000  0.022319  0.115959  0.196187  0.276415  0.721031
   823.700000  0.019175  0.115245  0.194889  0.274533  0.690595
   825.900000  0.020288  0.117570  0.198674  0.279777  0.719176
   828.110000  0.016049  0.116518  0.196826  0.277134  0.672971
   830.320000  0.019111  0.116962  0.197021  0.277080  0.685573
   832.530000  0.019383  0.117818  0.198344  0.278869  0.722035
   834.740000  0.019214  0.118278  0.198683  0.279088  0.665265
   836.950000  0.016843  0.119016  0.199738  0.280460  0.697768
   839.160000  0.022130  0.119123  0.199558  0.279993  0.680049
   841.370000  0.020277  0.119140  0.199648  0.280157  0.685836
   843.580000  0.011326  0.119447  0.199855  0.280263  0.704614
   845.800000  0.017976  0.120483  0.201137  0.281791  0.693880
   848.010000  0.020742  0.119964  0.200348  0.280732  0.718732
   850.230000  0.018894  0.120289  0.199936  0.279583  0.704767
   852.440000  0.019901  0.121451  0.201343  0.281235  0.690315
   854.660000  0.015718  0.120584  0.199752  0.278920  0.677359
   856.880000  0.020318  0.123423  0.204366  0.285308  0.716916
   859.100000  0.016129  0.123265  0.203911  0.284557  0.649394
   861.320000  0.017566  0.122796  0.203164  0.283533  0.647578
   863.540000  0.020152  0.123381  0.203835  0.284288  0.677134
   865.760000  0.019135  0.122861  0.202498  0.282136  0.703302
   867.980000  0.019525  0.123352  0.202857  0.282362  0.660834
   870.200000  0.012470  0.125933  0.206913  0.287893  0.654297
   872.430000  0.018816  0.125417  0.205578  0.285739  0.640926
   874.650000  0.016928  0.125996  0.206173  0.286350  0.631858
   876.880000  0.016872  0.126474  0.207060  0.287646  0.656551
   879.110000  0.017330  0.127010  0.207379  0.287749  0.649805
   881.330000  0.022810  0.126937  0.207282  0.287626  0.653713
   883.560000  0.012401  0.127357  0.207972  0.288587  0.647858
   885.790000  0.008951  0.127249  0.207487  0.287725  0.631904
   888.020000  0.013369  0.128023  0.208414  0.288805  0.662126
   890.250000  0.016557  0.128822  0.209187  0.289551  0.674496
   892.480000  0.017101  0.128331  0.208277  0.288222  0.623140
   894.710000  0.014721  0.128540  0.208489  0.288437  0.634326
   896.950000  0.020560  0.128316  0.207987  0.287658  0.620239
   899.180000  0.016062  0.128601  0.207826  0.287051  0.668574
   901.420000  0.015361  0.130306  0.209453  0.288599  0.655704
   903.650000  0.013120  0.132084  0.212665  0.293247  0.623283
   905.890000  0.011150  0.132211  0.212795  0.293379  0.639611
   908.130000  0.019674  0.131251  0.210482  0.289713  0.645683
   910.370000  0.019524  0.131718  0.211653  0.291587  0.587384
   912.600000  0.006531  0.133276  0.213645  0.294014  0.637112
   914.840000  0.013906  0.132263  0.212073  0.291883  0.617670
   917.090000  0.007068  0.132454  0.211455  0.290455  0.608868
   919.330000  0.019569  0.133941  0.213569  0.293196  0.625496
   921.570000  0.012196  0.134457  0.215412  0.296366  0.619268
   923.810000  0.007424  0.132797  0.212688  0.292579  0.600917
   926.060000  0.005307  0.134164  0.214384  0.294604  0.605979
   928.300000  0.002700  0.134513  0.214159  0.293804  0.607960
   930.550000  0.009586  0.131555  0.210184  0.288813  0.637921
   932.800000  0.003876  0.128926  0.205480  0.282035  0.579208
   935.040000  0.009569  0.129814  0.206542  0.283269  0.538799
   937.290000  0.000000  0.135411  0.215530  0.295649  0.624025
   939.540000  0.000000  0.136514  0.216965  0.297416  0.612734
   941.790000  0.000000  0.135281  0.215493  0.295705  0.542937
   944.040000  0.000000  0.133856  0.213899  0.293942  0.546470
   946.290000  0.000000  0.132918  0.213312  0.293706  0.590577
   948.550000  0.000000  0.132233  0.212436  0.292638  0.539308
   950.800000  0.000000  0.133424  0.213596  0.293768  0.555719
   953.060000  0.000000  0.134648  0.214870  0.295092  0.602885
   955.310000  0.000000  0.132171  0.213522  0.294873  0.598199
   957.570000  0.000000  0.134457  0.216249  0.298041  0.603395
   959.820000  0.000000  0.132991  0.214984  0.296977  0.565199
   962.080000  0.000000  0.134252  0.216700  0.299149  0.555584
   964.340000  0.000000  0.134602  0.217163  0.299723  0.632392
   966.600000  0.000000  0.135970  0.218246  0.300521  0.587587
   968.860000  0.000000  0.137893  0.221460  0.305027  0.602997
   971.120000  0.000000  0.133192  0.216446  0.299700  0.617801
   973.380000  0.000000  0.134364  0.217222  0.300080  0.579876
   975.650000  0.000000  0.134618  0.218281  0.301944  0.588659
   977.910000  0.000000  0.133917  0.217534  0.301151  0.606845
   980.180000  0.000000  0.132330  0.214898  0.297465  0.600967
   982.440000  0.000000  0.132825  0.216955  0.301086  0.575686
   984.710000  0.000000  0.130643  0.214238  0.297832  0.586210
   986.970000  0.000000  0.132005  0.216995  0.301984  0.593970
   989.240000  0.000000  0.128884  0.214375  0.299867  0.631668
   991.510000  0.000000  0.131138  0.217084  0.303030  0.585933
   993.780000  0.000000  0.130622  0.216201  0.301780  0.616172
   996.050000  0.000000  0.127608  0.215510  0.303413  0.596078
   998.320000  0.000000  0.128443  0.217472  0.306501  0.635325
  1000.590000  0.000000  0.127966  0.217366  0.306766  0.594510
  1002.870000  0.000000  0.123119  0.211497  0.299875  0.602909
  1005.140000  0.000000  0.123244  0.216035  0.308826  0.652005
  1007.420000  0.000000  0.122717  0.216928  0.311139  0.650890
  1009.690000  0.000000  0.118766  0.210733  0.302700  0.651955
  1011.970000  0.000000  0.114048  0.206837  0.299626  0.743683
  1014.250000  0.000000  0.115888  0.212125  0.308361  0.745314
  1016.520000  0.000000  0.108183  0.206244  0.304305  0.708854
  1018.800000  0.000000  0.108281  0.206042  0.303802  0.634779
  1021.080000  0.000000  0.107002  0.207062  0.307122  0.628481
  1023.360000  0.000000  0.106364  0.208141  0.309918  0.642659
  1025.650000  0.000000  0.103672  0.207017  0.310363  0.669549
