ENVI ASCII Plot File [Sun Jul 30 10:03:02 2023]
Column 1: Wavelength
Column 2: Min: ROI #3~~2##255,0,0
Column 3: Mean-StdDev: ROI #3~~21##0,200,0
Column 4: Mean: ROI #3~~0##0,0,0
Column 5: Mean+StdDev: ROI #3~~21##0,200,0
Column 6: Max: ROI #3~~2##255,0,0
   381.170000  0.000000  0.080637  0.124770  0.168904  0.374677
   383.200000  0.000000  0.074347  0.116196  0.158044  0.399007
   385.230000  0.000000  0.081790  0.122811  0.163833  0.458707
   387.260000  0.000000  0.080377  0.118473  0.156570  0.435688
   389.290000  0.000000  0.078489  0.115581  0.152672  0.447426
   391.330000  0.017663  0.074681  0.109892  0.145104  0.452070
   393.360000  0.015392  0.062694  0.093653  0.124613  0.399724
   395.390000  0.006358  0.061329  0.091737  0.122145  0.378097
   397.430000  0.016168  0.051872  0.080424  0.108976  0.403700
   399.470000  0.016911  0.049519  0.077376  0.105232  0.360440
   401.500000  0.014469  0.044297  0.070667  0.097037  0.331216
   403.540000  0.013830  0.040535  0.065844  0.091152  0.327293
   405.580000  0.010301  0.037993  0.062630  0.087268  0.297848
   407.620000  0.009917  0.036248  0.060495  0.084741  0.292924
   409.660000  0.012208  0.034512  0.058402  0.082291  0.281843
   411.700000  0.010519  0.032985  0.056693  0.080402  0.289095
   413.740000  0.008641  0.031513  0.054913  0.078312  0.279978
   415.780000  0.009704  0.030499  0.053763  0.077027  0.294861
   417.830000  0.007962  0.029671  0.052977  0.076283  0.310465
   419.870000  0.008858  0.029357  0.052839  0.076322  0.301212
   421.920000  0.007750  0.029063  0.052867  0.076671  0.328057
   423.960000  0.007871  0.028818  0.052985  0.077151  0.326591
   426.010000  0.008053  0.028795  0.053373  0.077950  0.349448
   428.060000  0.008251  0.028612  0.053325  0.078037  0.333096
   430.110000  0.007847  0.028287  0.053551  0.078815  0.356006
   432.160000  0.008264  0.029025  0.054763  0.080501  0.355261
   434.210000  0.007635  0.028631  0.054717  0.080803  0.368733
   436.260000  0.007226  0.028661  0.054999  0.081338  0.369966
   438.310000  0.008520  0.028320  0.054960  0.081599  0.372193
   440.360000  0.008172  0.028614  0.055689  0.082764  0.361961
   442.420000  0.007160  0.028732  0.056105  0.083478  0.358021
   444.470000  0.007535  0.028795  0.056586  0.084378  0.338783
   446.530000  0.007852  0.028979  0.057215  0.085452  0.333456
   448.590000  0.008192  0.029349  0.057965  0.086582  0.317815
   450.640000  0.006875  0.029589  0.058466  0.087344  0.301318
   452.700000  0.008271  0.029718  0.059026  0.088333  0.292085
   454.760000  0.008232  0.030021  0.059840  0.089659  0.296688
   456.820000  0.007775  0.030283  0.060291  0.090300  0.283093
   458.880000  0.007983  0.030519  0.060760  0.091000  0.275518
   460.940000  0.007863  0.030777  0.061234  0.091692  0.271896
   463.000000  0.007087  0.031029  0.061638  0.092247  0.261253
   465.070000  0.006406  0.031036  0.061825  0.092614  0.259052
   467.130000  0.007550  0.031266  0.062348  0.093430  0.261987
   469.200000  0.007161  0.031429  0.062726  0.094023  0.260564
   471.260000  0.006852  0.031592  0.063166  0.094741  0.257321
   473.330000  0.007875  0.032051  0.063787  0.095522  0.249888
   475.400000  0.007248  0.032249  0.064175  0.096101  0.244082
   477.460000  0.006416  0.032365  0.064367  0.096368  0.240859
   479.530000  0.007257  0.032724  0.064939  0.097154  0.235469
   481.600000  0.006974  0.032942  0.065251  0.097560  0.231045
   483.670000  0.006858  0.033047  0.065431  0.097816  0.228473
   485.750000  0.006876  0.033019  0.065904  0.098789  0.235919
   487.820000  0.006591  0.033089  0.066559  0.100030  0.251937
   489.890000  0.007264  0.033784  0.067302  0.100819  0.236988
   491.970000  0.006627  0.034042  0.067482  0.100922  0.227272
   494.040000  0.007376  0.034242  0.068001  0.101761  0.229137
   496.120000  0.006164  0.034719  0.068707  0.102695  0.223170
   498.190000  0.007524  0.034838  0.068871  0.102903  0.220752
   500.270000  0.007112  0.034789  0.068971  0.103153  0.223077
   502.350000  0.007551  0.034913  0.069412  0.103910  0.228347
   504.430000  0.007324  0.035294  0.070215  0.105136  0.229464
   506.510000  0.006293  0.035625  0.070666  0.105707  0.226785
   508.590000  0.007656  0.035863  0.071110  0.106358  0.226668
   510.670000  0.006404  0.036112  0.071711  0.107310  0.229957
   512.750000  0.006594  0.036291  0.072045  0.107798  0.229953
   514.840000  0.008350  0.036315  0.072218  0.108122  0.233223
   516.920000  0.007718  0.036495  0.072930  0.109365  0.241479
   519.010000  0.007212  0.036537  0.073503  0.110468  0.256177
   521.090000  0.007193  0.037520  0.074930  0.112340  0.248253
   523.180000  0.007626  0.037774  0.074988  0.112202  0.237296
   525.270000  0.007377  0.038071  0.075412  0.112754  0.235820
   527.360000  0.007381  0.038074  0.075560  0.113047  0.237755
   529.450000  0.007358  0.038661  0.076737  0.114813  0.241671
   531.540000  0.007873  0.039116  0.077158  0.115199  0.231565
   533.630000  0.007801  0.039230  0.077535  0.115840  0.233388
   535.720000  0.007621  0.039703  0.078560  0.117417  0.236691
   537.810000  0.008137  0.040027  0.078999  0.117972  0.233403
   539.910000  0.006568  0.040300  0.079740  0.119179  0.236981
   542.000000  0.008237  0.040461  0.080325  0.120189  0.240900
   544.090000  0.007051  0.041327  0.081759  0.122192  0.239872
   546.190000  0.008366  0.041796  0.082660  0.123524  0.237748
   548.290000  0.007340  0.042183  0.083355  0.124526  0.236688
   550.390000  0.006578  0.042568  0.084165  0.125763  0.235058
   552.480000  0.007602  0.042799  0.084885  0.126970  0.237532
   554.580000  0.008669  0.043116  0.085922  0.128729  0.244034
   556.680000  0.008277  0.043554  0.087178  0.130801  0.250354
   558.790000  0.007525  0.043800  0.088317  0.132835  0.259357
   560.890000  0.008702  0.044357  0.089924  0.135491  0.266086
   562.990000  0.008877  0.045174  0.091627  0.138079  0.266335
   565.090000  0.008662  0.045537  0.092768  0.139998  0.266779
   567.200000  0.009243  0.045851  0.093895  0.141939  0.269759
   569.310000  0.007122  0.046268  0.095350  0.144431  0.273021
   571.410000  0.007417  0.046483  0.096431  0.146380  0.276924
   573.520000  0.008721  0.047189  0.098258  0.149327  0.279291
   575.630000  0.009143  0.047460  0.099253  0.151046  0.277933
   577.740000  0.009764  0.047796  0.100637  0.153477  0.282838
   579.850000  0.009288  0.048144  0.101928  0.155713  0.284442
   581.960000  0.009104  0.048781  0.103516  0.158251  0.283832
   584.070000  0.008856  0.049218  0.104718  0.160218  0.280887
   586.180000  0.008996  0.049388  0.105390  0.161393  0.280757
   588.290000  0.009841  0.049514  0.106581  0.163649  0.287288
   590.410000  0.009608  0.049330  0.106951  0.164572  0.295208
   592.520000  0.009472  0.050447  0.109633  0.168818  0.299755
   594.640000  0.009560  0.050603  0.109992  0.169382  0.293628
   596.750000  0.009740  0.050907  0.111019  0.171131  0.295065
   598.870000  0.009852  0.051158  0.111972  0.172786  0.299943
   600.990000  0.008441  0.051275  0.112679  0.174083  0.302293
   603.110000  0.009249  0.051497  0.113392  0.175287  0.306955
   605.230000  0.007935  0.052044  0.114512  0.176979  0.306297
   607.350000  0.010260  0.052106  0.114938  0.177770  0.306579
   609.470000  0.009395  0.052351  0.115858  0.179364  0.309476
   611.590000  0.009278  0.052576  0.116758  0.180939  0.315170
   613.720000  0.009147  0.053003  0.117888  0.182774  0.318991
   615.840000  0.009509  0.053052  0.118395  0.183739  0.321907
   617.970000  0.009343  0.053117  0.118642  0.184167  0.323523
   620.090000  0.009338  0.053711  0.119711  0.185711  0.323611
   622.220000  0.009334  0.053620  0.119662  0.185704  0.325039
   624.340000  0.008212  0.053446  0.119920  0.186395  0.333452
   626.470000  0.008736  0.053725  0.120963  0.188202  0.343143
   628.600000  0.009926  0.054033  0.121762  0.189490  0.348369
   630.730000  0.010040  0.054357  0.122405  0.190454  0.354464
   632.860000  0.010255  0.054765  0.123269  0.191774  0.356174
   635.000000  0.009888  0.055060  0.123970  0.192881  0.354851
   637.130000  0.009729  0.055348  0.124364  0.193380  0.353520
   639.260000  0.010605  0.055645  0.124913  0.194181  0.355294
   641.400000  0.009973  0.055136  0.124448  0.193759  0.358330
   643.530000  0.008031  0.055353  0.125214  0.195074  0.364116
   645.670000  0.009713  0.055485  0.125731  0.195976  0.365914
   647.800000  0.009123  0.055290  0.125794  0.196297  0.369910
   649.940000  0.010347  0.055302  0.126255  0.197207  0.375686
   652.080000  0.008658  0.055417  0.126902  0.198387  0.382529
   654.220000  0.007783  0.055613  0.127617  0.199620  0.388020
   656.360000  0.009866  0.054601  0.126270  0.197940  0.399352
   658.500000  0.009458  0.054774  0.127371  0.199968  0.420373
   660.640000  0.009567  0.055844  0.129293  0.202743  0.406471
   662.780000  0.009282  0.055243  0.128277  0.201310  0.401322
   664.930000  0.009141  0.054925  0.128004  0.201082  0.403664
   667.070000  0.007535  0.054931  0.128627  0.202323  0.409398
   669.220000  0.008624  0.054971  0.129139  0.203307  0.415164
   671.360000  0.009366  0.054820  0.129148  0.203475  0.417345
   673.510000  0.006945  0.054789  0.129556  0.204324  0.421458
   675.660000  0.008932  0.054998  0.130007  0.205016  0.423592
   677.810000  0.009193  0.055138  0.130524  0.205909  0.426644
   679.960000  0.008675  0.055332  0.131046  0.206760  0.430737
   682.110000  0.009218  0.055625  0.131482  0.207340  0.435340
   684.260000  0.009752  0.056092  0.132381  0.208670  0.443531
   686.410000  0.008624  0.056022  0.132449  0.208876  0.468018
   688.560000  0.008565  0.055311  0.130948  0.206585  0.512053
   690.720000  0.010273  0.058797  0.137039  0.215281  0.532297
   692.870000  0.009767  0.060839  0.139100  0.217362  0.508110
   695.030000  0.011422  0.062478  0.140336  0.218193  0.495543
   697.180000  0.011356  0.064165  0.142180  0.220195  0.494803
   699.340000  0.011316  0.065928  0.143847  0.221766  0.497707
   701.500000  0.009806  0.067383  0.145281  0.223178  0.507238
   703.660000  0.011984  0.069064  0.147531  0.225997  0.517048
   705.820000  0.011170  0.070750  0.149716  0.228683  0.522672
   707.980000  0.011934  0.072012  0.150945  0.229877  0.528675
   710.140000  0.013321  0.073061  0.152308  0.231555  0.536535
   712.300000  0.012137  0.074246  0.153957  0.233669  0.550753
   714.460000  0.013311  0.075420  0.155404  0.235388  0.565237
   716.630000  0.012325  0.076204  0.156503  0.236802  0.587339
   718.790000  0.013512  0.075828  0.155682  0.235537  0.615495
   720.960000  0.013799  0.077811  0.159044  0.240277  0.649061
   723.130000  0.016299  0.080460  0.164161  0.247862  0.656747
   725.290000  0.013970  0.080907  0.164439  0.247971  0.650379
   727.460000  0.014950  0.081949  0.165661  0.249372  0.651780
   729.630000  0.014090  0.081792  0.164615  0.247438  0.652964
   731.800000  0.013404  0.082592  0.166003  0.249413  0.670066
   733.970000  0.015227  0.083804  0.167925  0.252047  0.674701
   736.140000  0.012310  0.084283  0.168518  0.252753  0.675539
   738.310000  0.014554  0.084614  0.168903  0.253192  0.685002
   740.490000  0.012289  0.085278  0.169948  0.254618  0.697078
   742.660000  0.013971  0.085837  0.171006  0.256175  0.707428
   744.840000  0.015249  0.086586  0.172142  0.257697  0.712046
   747.010000  0.012993  0.087238  0.173069  0.258900  0.718581
   749.190000  0.014786  0.087450  0.173412  0.259375  0.729716
   751.370000  0.017017  0.087631  0.173443  0.259254  0.744352
   753.540000  0.015811  0.088419  0.174669  0.260918  0.764494
   755.720000  0.011450  0.089008  0.175512  0.262015  0.786372
   757.900000  0.013946  0.089792  0.176266  0.262740  0.774990
   760.080000  0.015842  0.083740  0.165340  0.246939  0.719376
   762.270000  0.015971  0.080253  0.154827  0.229401  0.662494
   764.450000  0.016351  0.095019  0.183289  0.271559  0.836988
   766.630000  0.015747  0.096558  0.186670  0.276783  0.871370
   768.820000  0.016531  0.094863  0.184731  0.274598  0.867100
   771.000000  0.012726  0.092722  0.180339  0.267955  0.823231
   773.190000  0.014992  0.092351  0.179267  0.266182  0.795267
   775.370000  0.016063  0.092581  0.179407  0.266233  0.793857
   777.560000  0.016420  0.093003  0.179995  0.266988  0.814557
   779.750000  0.017689  0.093099  0.180047  0.266994  0.798394
   781.940000  0.017844  0.093689  0.180647  0.267604  0.813890
   784.130000  0.014603  0.093822  0.180630  0.267438  0.812362
   786.320000  0.016053  0.094526  0.181613  0.268700  0.785568
   788.510000  0.016943  0.094861  0.181825  0.268788  0.802748
   790.700000  0.018349  0.095408  0.182191  0.268975  0.795768
   792.900000  0.015329  0.095250  0.182213  0.269176  0.808623
   795.090000  0.014375  0.096085  0.183012  0.269939  0.813285
   797.290000  0.017790  0.096744  0.184332  0.271920  0.817026
   799.480000  0.018671  0.097065  0.184257  0.271449  0.783341
   801.680000  0.018068  0.097501  0.184583  0.271664  0.769314
   803.880000  0.013716  0.097775  0.185122  0.272469  0.814607
   806.080000  0.015117  0.098437  0.185712  0.272987  0.802339
   808.280000  0.015399  0.098674  0.186020  0.273365  0.815818
   810.480000  0.014720  0.098938  0.186227  0.273516  0.765890
   812.680000  0.016381  0.099414  0.186862  0.274309  0.768028
   814.880000  0.015297  0.099222  0.185841  0.272459  0.777240
   817.080000  0.016930  0.099301  0.185743  0.272185  0.802905
   819.290000  0.018548  0.100114  0.187141  0.274168  0.772579
   821.490000  0.017214  0.101299  0.188770  0.276240  0.790956
   823.700000  0.017881  0.100675  0.187247  0.273819  0.785235
   825.900000  0.018283  0.102771  0.190626  0.278481  0.808410
   828.110000  0.017826  0.101885  0.188948  0.276011  0.804802
   830.320000  0.018764  0.102170  0.189197  0.276224  0.834177
   832.530000  0.017763  0.102657  0.190174  0.277691  0.782036
   834.740000  0.018067  0.103199  0.190455  0.277710  0.786629
   836.950000  0.015716  0.103821  0.191489  0.279157  0.760351
   839.160000  0.015974  0.103842  0.191122  0.278403  0.821428
   841.370000  0.018509  0.103959  0.191210  0.278461  0.781918
   843.580000  0.018509  0.104056  0.191364  0.278673  0.820419
   845.800000  0.018087  0.105049  0.192279  0.279509  0.764281
   848.010000  0.020129  0.105009  0.192045  0.279081  0.752856
   850.230000  0.011859  0.105135  0.191512  0.277888  0.753053
   852.440000  0.018257  0.105456  0.192344  0.279232  0.770272
   854.660000  0.017028  0.104631  0.190883  0.277134  0.792088
   856.880000  0.018670  0.107288  0.194894  0.282500  0.801848
   859.100000  0.016823  0.106964  0.194417  0.281871  0.820805
   861.320000  0.016006  0.106568  0.193659  0.280751  0.776146
   863.540000  0.020036  0.107431  0.194352  0.281274  0.789427
   865.760000  0.017293  0.106705  0.193117  0.279529  0.749773
   867.980000  0.014459  0.107254  0.193269  0.279285  0.784412
   870.200000  0.015816  0.109362  0.197135  0.284908  0.795546
   872.430000  0.015829  0.108896  0.195685  0.282475  0.746711
   874.650000  0.017948  0.109083  0.196223  0.283364  0.750654
   876.880000  0.000847  0.109262  0.196653  0.284044  0.764313
   879.110000  0.014967  0.110002  0.197612  0.285222  0.754329
   881.330000  0.017397  0.109970  0.196836  0.283701  0.767035
   883.560000  0.006842  0.110407  0.197514  0.284621  0.778346
   885.790000  0.020580  0.110392  0.197345  0.284298  0.784734
   888.020000  0.015761  0.110985  0.197764  0.284542  0.764969
   890.250000  0.010916  0.111362  0.198253  0.285143  0.746735
   892.480000  0.012672  0.110967  0.197510  0.284052  0.800855
   894.710000  0.011878  0.111548  0.197836  0.284125  0.754557
   896.950000  0.011598  0.111298  0.197339  0.283379  0.748412
   899.180000  0.009735  0.111458  0.196978  0.282497  0.762446
   901.420000  0.011972  0.112745  0.198740  0.284735  0.726596
   903.650000  0.012127  0.114311  0.200991  0.287671  0.803978
   905.890000  0.016453  0.114270  0.201044  0.287818  0.816374
   908.130000  0.006558  0.112739  0.198784  0.284829  0.743146
   910.370000  0.012093  0.113820  0.199948  0.286075  0.783131
   912.600000  0.007256  0.115381  0.201700  0.288019  0.828028
   914.840000  0.010993  0.115322  0.200828  0.286333  0.774053
   917.090000  0.000000  0.115106  0.200563  0.286020  0.744982
   919.330000  0.000000  0.114736  0.200128  0.285520  0.745584
   921.570000  0.007892  0.116651  0.203484  0.290318  0.761029
   923.810000  0.004069  0.114834  0.200971  0.287108  0.734764
   926.060000  0.008391  0.115455  0.200901  0.286346  0.739311
   928.300000  0.011529  0.115951  0.201145  0.286339  0.703619
   930.550000  0.000000  0.114230  0.197835  0.281439  0.737666
   932.800000  0.000000  0.111638  0.193219  0.274800  0.665577
   935.040000  0.000000  0.114023  0.195915  0.277806  0.732679
   937.290000  0.000000  0.118211  0.204292  0.290374  0.758750
   939.540000  0.000000  0.118415  0.203447  0.288480  0.712216
   941.790000  0.000000  0.115529  0.200407  0.285284  0.751254
   944.040000  0.000000  0.115458  0.200025  0.284591  0.667593
   946.290000  0.000000  0.116116  0.200379  0.284643  0.729380
   948.550000  0.000000  0.114582  0.199140  0.283698  0.726373
   950.800000  0.000000  0.116476  0.201122  0.285767  0.703143
   953.060000  0.000000  0.119429  0.204157  0.288885  0.714625
   955.310000  0.000000  0.116223  0.202377  0.288530  0.716799
   957.570000  0.000000  0.115569  0.201768  0.287967  0.768101
   959.820000  0.000000  0.115957  0.202210  0.288462  0.748291
   962.080000  0.000000  0.116744  0.203382  0.290021  0.743672
   964.340000  0.000000  0.116069  0.203910  0.291751  0.724227
   966.600000  0.000000  0.115659  0.203289  0.290918  0.808035
   968.860000  0.000000  0.118225  0.205930  0.293635  0.764388
   971.120000  0.000000  0.116219  0.203645  0.291070  0.674284
   973.380000  0.000000  0.115768  0.202412  0.289056  0.724138
   975.650000  0.000000  0.116497  0.204378  0.292259  0.723689
   977.910000  0.000000  0.114090  0.202079  0.290069  0.764591
   980.180000  0.000000  0.115074  0.202035  0.288997  0.691541
   982.440000  0.000000  0.116130  0.204454  0.292778  0.762702
   984.710000  0.000000  0.110592  0.198532  0.286472  0.684232
   986.970000  0.000000  0.114395  0.203012  0.291628  0.741931
   989.240000  0.000000  0.110484  0.199585  0.288687  0.764515
   991.510000  0.000000  0.114716  0.204709  0.294701  0.741471
   993.780000  0.000000  0.111695  0.201615  0.291535  0.708499
   996.050000  0.000000  0.111016  0.201627  0.292238  0.726267
   998.320000  0.000000  0.110541  0.202069  0.293597  0.647788
  1000.590000  0.000000  0.109762  0.201225  0.292688  0.730738
  1002.870000  0.000000  0.105566  0.195901  0.286236  0.748257
  1005.140000  0.000000  0.110256  0.205021  0.299787  0.735635
  1007.420000  0.000000  0.110487  0.207086  0.303684  0.716536
  1009.690000  0.000000  0.104659  0.199029  0.293399  0.777784
  1011.970000  0.000000  0.101160  0.195312  0.289465  0.713592
  1014.250000  0.000000  0.100503  0.199103  0.297704  0.687439
  1016.520000  0.000000  0.095415  0.193745  0.292075  0.725702
  1018.800000  0.000000  0.094148  0.191275  0.288402  0.665595
  1021.080000  0.000000  0.095044  0.196292  0.297540  0.734853
  1023.360000  0.000000  0.091552  0.194632  0.297713  0.987728
  1025.650000  0.000000  0.088665  0.193407  0.298149  0.729421
