ENVI ASCII Plot File [Sun Jul 30 11:24:19 2023]
Column 1: Wavelength
Column 2: Min: ROI #5~~2##255,0,0
Column 3: Mean-StdDev: ROI #5~~21##0,200,0
Column 4: Mean: ROI #5~~0##0,0,0
Column 5: Mean+StdDev: ROI #5~~21##0,200,0
Column 6: Max: ROI #5~~2##255,0,0
   381.170000  0.000000  0.042491  0.109554  0.176618  0.321216
   383.200000  0.000000  0.042545  0.108205  0.173865  0.372920
   385.230000  0.000000  0.044456  0.109671  0.174886  0.336694
   387.260000  0.000000  0.043759  0.106504  0.169250  0.350546
   389.290000  0.000000  0.041885  0.102063  0.162241  0.367865
   391.330000  0.000000  0.038933  0.096713  0.154493  0.437033
   393.360000  0.000000  0.034466  0.086478  0.138491  0.444034
   395.390000  0.000000  0.031392  0.081583  0.131775  0.465121
   397.430000  0.000000  0.027300  0.073536  0.119773  0.507728
   399.470000  0.000000  0.023977  0.069268  0.114559  0.564369
   401.500000  0.000000  0.021236  0.064655  0.108074  0.548337
   403.540000  0.000000  0.019114  0.061093  0.103072  0.543864
   405.580000  0.000000  0.017230  0.058166  0.099101  0.551058
   407.620000  0.000000  0.015781  0.056031  0.096281  0.580857
   409.660000  0.000000  0.014519  0.054302  0.094086  0.553660
   411.700000  0.000000  0.013620  0.052802  0.091983  0.556925
   413.740000  0.000000  0.012597  0.051296  0.089995  0.544174
   415.780000  0.000000  0.012099  0.050232  0.088364  0.533800
   417.830000  0.000000  0.011451  0.049578  0.087705  0.541407
   419.870000  0.000000  0.011148  0.049289  0.087430  0.542239
   421.920000  0.000000  0.010868  0.049300  0.087731  0.544133
   423.960000  0.000000  0.010654  0.049535  0.088416  0.561067
   426.010000  0.000000  0.010526  0.049955  0.089383  0.562482
   428.060000  0.000000  0.010382  0.050138  0.089894  0.568228
   430.110000  0.000000  0.010364  0.050034  0.089705  0.559046
   432.160000  0.000000  0.010610  0.050768  0.090927  0.560112
   434.210000  0.000000  0.010288  0.051067  0.091847  0.568674
   436.260000  0.000000  0.010326  0.051554  0.092783  0.571167
   438.310000  0.000000  0.010305  0.051649  0.092993  0.568889
   440.360000  0.000000  0.010411  0.052053  0.093695  0.581910
   442.420000  0.000000  0.010689  0.052733  0.094777  0.538509
   444.470000  0.000000  0.011032  0.053213  0.095393  0.509950
   446.530000  0.000000  0.011241  0.053713  0.096186  0.501361
   448.590000  0.000000  0.011746  0.054503  0.097260  0.478920
   450.640000  0.000000  0.012306  0.055134  0.097961  0.453721
   452.700000  0.000000  0.012792  0.055764  0.098737  0.439455
   454.760000  0.000000  0.012860  0.056378  0.099896  0.446650
   456.820000  0.000000  0.013401  0.056943  0.100485  0.424587
   458.880000  0.000000  0.013801  0.057401  0.101001  0.410611
   460.940000  0.000000  0.014110  0.057944  0.101779  0.407095
   463.000000  0.000000  0.014620  0.058440  0.102260  0.392604
   465.070000  0.000000  0.014739  0.058796  0.102852  0.390106
   467.130000  0.000000  0.014782  0.059203  0.103623  0.394117
   469.200000  0.000000  0.015011  0.059663  0.104315  0.392033
   471.260000  0.000000  0.015258  0.060086  0.104913  0.386933
   473.330000  0.000000  0.015655  0.060602  0.105550  0.377073
   475.400000  0.000000  0.015963  0.060928  0.105894  0.366351
   477.460000  0.000000  0.016161  0.061297  0.106433  0.363031
   479.530000  0.000000  0.016537  0.061843  0.107150  0.354467
   481.600000  0.000000  0.016829  0.062269  0.107709  0.346664
   483.670000  0.000000  0.017098  0.062778  0.108458  0.343408
   485.750000  0.000000  0.016954  0.063208  0.109461  0.354610
   487.820000  0.000000  0.016579  0.063595  0.110610  0.379224
   489.890000  0.000000  0.017316  0.064258  0.111200  0.357620
   491.970000  0.000000  0.017761  0.064585  0.111408  0.341644
   494.040000  0.000000  0.017882  0.065078  0.112273  0.342894
   496.120000  0.000000  0.018323  0.065713  0.113102  0.333634
   498.190000  0.000000  0.018512  0.066080  0.113647  0.330949
   500.270000  0.000000  0.018544  0.066437  0.114330  0.335735
   502.350000  0.000000  0.018538  0.066887  0.115236  0.344119
   504.430000  0.000000  0.018755  0.067544  0.116333  0.346317
   506.510000  0.000000  0.019101  0.068158  0.117214  0.341603
   508.590000  0.000000  0.019217  0.068597  0.117976  0.340885
   510.670000  0.000000  0.019355  0.069133  0.118911  0.344438
   512.750000  0.000000  0.019573  0.069684  0.119796  0.344746
   514.840000  0.000000  0.019621  0.070071  0.120522  0.351999
   516.920000  0.000000  0.019629  0.070723  0.121818  0.364608
   519.010000  0.000000  0.019387  0.071260  0.123134  0.384714
   521.090000  0.000000  0.020041  0.072191  0.124341  0.371678
   523.180000  0.000000  0.020496  0.072581  0.124667  0.356562
   525.270000  0.000000  0.020792  0.073195  0.125599  0.353679
   527.360000  0.000000  0.020845  0.073530  0.126215  0.358034
   529.450000  0.000000  0.021109  0.074597  0.128085  0.365508
   531.540000  0.000000  0.021696  0.075314  0.128932  0.349390
   533.630000  0.000000  0.021849  0.075864  0.129880  0.352006
   535.720000  0.000000  0.022170  0.076957  0.131744  0.357205
   537.810000  0.000000  0.022495  0.077666  0.132838  0.353420
   539.910000  0.000000  0.022722  0.078578  0.134433  0.357797
   542.000000  0.000000  0.022984  0.079511  0.136038  0.363891
   544.090000  0.000000  0.023495  0.080777  0.138058  0.360335
   546.190000  0.000000  0.023994  0.081978  0.139962  0.355696
   548.290000  0.000000  0.024411  0.083168  0.141925  0.353924
   550.390000  0.000000  0.024842  0.084490  0.144139  0.354528
   552.480000  0.000000  0.025225  0.085836  0.146447  0.357380
   554.580000  0.000000  0.025568  0.087382  0.149195  0.367701
   556.680000  0.000000  0.025979  0.089211  0.152442  0.377477
   558.790000  0.000000  0.026314  0.091016  0.155717  0.391334
   560.890000  0.000000  0.026794  0.093022  0.159250  0.400591
   562.990000  0.000000  0.027409  0.095101  0.162792  0.401420
   565.090000  0.000000  0.027879  0.097011  0.166143  0.401801
   567.200000  0.000000  0.028328  0.098932  0.169535  0.405604
   569.310000  0.000000  0.028800  0.101082  0.173363  0.410793
   571.410000  0.000000  0.029195  0.103070  0.176944  0.417423
   573.520000  0.000000  0.029776  0.105371  0.180965  0.420891
   575.630000  0.000000  0.030258  0.107518  0.184777  0.418245
   577.740000  0.000000  0.030642  0.109639  0.188636  0.427407
   579.850000  0.000000  0.031076  0.111732  0.192387  0.430727
   581.960000  0.000000  0.031563  0.113918  0.196273  0.428130
   584.070000  0.000000  0.032016  0.115745  0.199474  0.422577
   586.180000  0.000000  0.032311  0.117387  0.202462  0.422658
   588.290000  0.000000  0.032617  0.119303  0.205989  0.434583
   590.410000  0.000000  0.032744  0.120606  0.208468  0.444712
   592.520000  0.000000  0.033321  0.123000  0.212679  0.449434
   594.640000  0.000000  0.033645  0.124504  0.215363  0.441812
   596.750000  0.000000  0.033878  0.125956  0.218034  0.445545
   598.870000  0.000000  0.034187  0.127384  0.220581  0.450197
   600.990000  0.000000  0.034347  0.128569  0.222791  0.457337
   603.110000  0.000000  0.034589  0.129683  0.224777  0.459874
   605.230000  0.000000  0.034877  0.130992  0.227108  0.460074
   607.350000  0.000000  0.035072  0.132079  0.229085  0.461769
   609.470000  0.000000  0.035284  0.133115  0.230946  0.466136
   611.590000  0.000000  0.035459  0.134217  0.232976  0.472609
   613.720000  0.000000  0.035666  0.135364  0.235062  0.478523
   615.840000  0.000000  0.035858  0.136053  0.236248  0.483406
   617.970000  0.000000  0.035981  0.136719  0.237457  0.486703
   620.090000  0.000000  0.036209  0.137655  0.239100  0.485807
   622.220000  0.000000  0.036227  0.138107  0.239986  0.487541
   624.340000  0.000000  0.036373  0.138838  0.241302  0.499782
   626.470000  0.000000  0.036497  0.139730  0.242963  0.514733
   628.600000  0.000000  0.036826  0.140663  0.244501  0.523448
   630.730000  0.000000  0.036959  0.141320  0.245682  0.531979
   632.860000  0.000000  0.037202  0.142132  0.247062  0.535737
   635.000000  0.000000  0.037388  0.142859  0.248330  0.534720
   637.130000  0.000000  0.037582  0.143411  0.249240  0.533187
   639.260000  0.000000  0.037769  0.144104  0.250438  0.534054
   641.400000  0.000000  0.037724  0.144280  0.250836  0.536735
   643.530000  0.000000  0.037885  0.144968  0.252052  0.546212
   645.670000  0.000000  0.037969  0.145634  0.253300  0.549969
   647.800000  0.000000  0.038015  0.146201  0.254387  0.556903
   649.940000  0.000000  0.038064  0.146705  0.255347  0.564639
   652.080000  0.000000  0.038147  0.147363  0.256579  0.573605
   654.220000  0.000000  0.038285  0.148220  0.258154  0.583169
   656.360000  0.000000  0.038000  0.147957  0.257914  0.603437
   658.500000  0.000000  0.038044  0.148639  0.259234  0.633510
   660.640000  0.000000  0.038496  0.149800  0.261104  0.609224
   662.780000  0.000000  0.038419  0.149783  0.261148  0.601870
   664.930000  0.000000  0.038470  0.150160  0.261851  0.606384
   667.070000  0.000000  0.038538  0.150851  0.263165  0.614136
   669.220000  0.000000  0.038606  0.151335  0.264064  0.621296
   671.360000  0.000000  0.038681  0.151991  0.265302  0.625846
   673.510000  0.000000  0.038739  0.152467  0.266195  0.635235
   675.660000  0.000000  0.038891  0.153087  0.267284  0.637997
   677.810000  0.000000  0.038986  0.153664  0.268341  0.641421
   679.960000  0.000000  0.039232  0.154256  0.269281  0.645132
   682.110000  0.000000  0.039362  0.154913  0.270464  0.649416
   684.260000  0.000000  0.039609  0.155807  0.272006  0.662612
   686.410000  0.000000  0.039688  0.156474  0.273261  0.697674
   688.560000  0.000000  0.039480  0.156195  0.272909  0.764618
   690.720000  0.000000  0.040638  0.158867  0.277095  0.795249
   692.870000  0.000000  0.041651  0.160290  0.278929  0.762273
   695.030000  0.000000  0.042737  0.161522  0.280307  0.740884
   697.180000  0.000000  0.043551  0.162628  0.281705  0.741119
   699.340000  0.000000  0.044422  0.163953  0.283484  0.744456
   701.500000  0.000000  0.045268  0.165266  0.285264  0.757541
   703.660000  0.000000  0.046086  0.166447  0.286808  0.772027
   705.820000  0.000000  0.046975  0.168079  0.289182  0.779247
   707.980000  0.000000  0.047589  0.169125  0.290661  0.788398
   710.140000  0.000000  0.048316  0.170209  0.292101  0.801103
   712.300000  0.000000  0.048983  0.171548  0.294113  0.818591
   714.460000  0.000000  0.049533  0.172818  0.296103  0.844979
   716.630000  0.000000  0.049993  0.174181  0.298368  0.881311
   718.790000  0.000000  0.050231  0.174578  0.298924  0.930180
   720.960000  0.000000  0.051001  0.176038  0.301076  0.976360
   723.130000  0.000000  0.052014  0.178202  0.304390  0.972849
   725.290000  0.000000  0.052436  0.178946  0.305455  0.955959
   727.460000  0.000000  0.053003  0.180076  0.307149  0.963376
   729.630000  0.000000  0.053130  0.180237  0.307343  0.970394
   731.800000  0.000000  0.053668  0.181166  0.308664  0.995057
   733.970000  0.000000  0.054263  0.182335  0.310406  1.002839
   736.140000  0.000000  0.054592  0.183172  0.311753  1.000573
   738.310000  0.000000  0.054953  0.183784  0.312614  1.015743
   740.490000  0.000000  0.055471  0.184958  0.314445  1.035854
   742.660000  0.000000  0.055792  0.185723  0.315653  1.049462
   744.840000  0.000000  0.056164  0.186688  0.317211  1.054783
   747.010000  0.000000  0.056479  0.187272  0.318066  1.061176
   749.190000  0.000000  0.056775  0.188005  0.319236  1.078838
   751.370000  0.000000  0.056880  0.188181  0.319482  1.110395
   753.540000  0.000000  0.057327  0.189194  0.321062  1.137359
   755.720000  0.000000  0.057533  0.189930  0.322326  1.170868
   757.900000  0.000000  0.057805  0.191244  0.324683  1.159537
   760.080000  0.000000  0.056816  0.188700  0.320584  1.157883
   762.270000  0.000000  0.056163  0.182539  0.308915  1.070661
   764.450000  0.000000  0.060109  0.191349  0.322589  1.126855
   766.630000  0.000000  0.060200  0.193188  0.326176  1.145068
   768.820000  0.000000  0.059947  0.194242  0.328536  1.172463
   771.000000  0.000000  0.059488  0.193684  0.327880  1.184777
   773.190000  0.000000  0.059541  0.193782  0.328023  1.205923
   775.370000  0.000000  0.059752  0.194115  0.328478  1.187812
   777.560000  0.000000  0.059840  0.194528  0.329215  1.183265
   779.750000  0.000000  0.060153  0.195046  0.329938  1.202448
   781.940000  0.000000  0.060431  0.195530  0.330629  1.192367
   784.130000  0.000000  0.060551  0.195679  0.330807  1.193024
   786.320000  0.000000  0.060850  0.196387  0.331924  1.209075
   788.510000  0.000000  0.060988  0.196741  0.332494  1.202239
   790.700000  0.000000  0.061294  0.197236  0.333178  1.203203
   792.900000  0.000000  0.061311  0.197340  0.333370  1.202554
   795.090000  0.000000  0.061527  0.197734  0.333941  1.216462
   797.290000  0.000000  0.061804  0.198358  0.334911  1.200653
   799.480000  0.000000  0.061940  0.198677  0.335414  1.241436
   801.680000  0.000000  0.062070  0.199095  0.336120  1.225751
   803.880000  0.000000  0.062346  0.199422  0.336498  1.244121
   806.080000  0.000000  0.062717  0.199930  0.337143  1.251919
   808.280000  0.000000  0.062888  0.200276  0.337664  1.223858
   810.480000  0.000000  0.062891  0.200519  0.338146  1.240240
   812.680000  0.000000  0.063230  0.201150  0.339070  1.250059
   814.880000  0.000000  0.063083  0.200931  0.338779  1.264010
   817.080000  0.000000  0.063438  0.201150  0.338863  1.230682
   819.290000  0.000000  0.063512  0.201100  0.338689  1.264864
   821.490000  0.000000  0.064025  0.202164  0.340303  1.309337
   823.700000  0.000000  0.063931  0.201953  0.339976  1.230378
   825.900000  0.000000  0.064475  0.203101  0.341728  1.266432
   828.110000  0.000000  0.064276  0.202777  0.341279  1.304902
   830.320000  0.000000  0.064437  0.202776  0.341116  1.274373
   832.530000  0.000000  0.064928  0.203779  0.342630  1.291203
   834.740000  0.000000  0.065094  0.203728  0.342362  1.251896
   836.950000  0.000000  0.065352  0.204469  0.343585  1.263778
   839.160000  0.000000  0.065300  0.204311  0.343322  1.264866
   841.370000  0.000000  0.065452  0.204649  0.343846  1.278296
   843.580000  0.000000  0.065629  0.204941  0.344253  1.319997
   845.800000  0.000000  0.066191  0.205803  0.345414  1.266048
   848.010000  0.000000  0.065994  0.205526  0.345057  1.285576
   850.230000  0.000000  0.066209  0.205344  0.344479  1.262408
   852.440000  0.000000  0.066528  0.205840  0.345153  1.252888
   854.660000  0.000000  0.066116  0.205005  0.343895  1.283452
   856.880000  0.000000  0.067009  0.206439  0.345868  1.236940
   859.100000  0.000000  0.067235  0.207081  0.346926  1.277456
   861.320000  0.000000  0.067212  0.207050  0.346889  1.306134
   863.540000  0.000000  0.067476  0.207310  0.347145  1.245121
   865.760000  0.000000  0.067543  0.207181  0.346819  1.255544
   867.980000  0.000000  0.067848  0.206810  0.345772  1.241775
   870.200000  0.000000  0.068451  0.208897  0.349342  1.270575
   872.430000  0.000000  0.068571  0.208837  0.349103  1.316974
   874.650000  0.000000  0.068632  0.208794  0.348955  1.267498
   876.880000  0.000000  0.069109  0.209786  0.350463  1.237633
   879.110000  0.000000  0.069368  0.210509  0.351650  1.288945
   881.330000  0.000000  0.069209  0.209709  0.350210  1.264300
   883.560000  0.000000  0.069466  0.209828  0.350189  1.261750
   885.790000  0.000000  0.069423  0.210044  0.350666  1.265208
   888.020000  0.000000  0.069915  0.210747  0.351579  1.279670
   890.250000  0.000000  0.070218  0.211141  0.352064  1.258969
   892.480000  0.000000  0.070133  0.210633  0.351134  1.251263
   894.710000  0.000000  0.070372  0.211148  0.351924  1.261450
   896.950000  0.000000  0.070705  0.211119  0.351534  1.171812
   899.180000  0.000000  0.070435  0.210684  0.350934  1.279504
   901.420000  0.000000  0.070876  0.210663  0.350449  1.238928
   903.650000  0.000000  0.071633  0.211884  0.352134  1.199265
   905.890000  0.000000  0.071800  0.213249  0.354698  1.188053
   908.130000  0.000000  0.071492  0.212568  0.353644  1.224810
   910.370000  0.000000  0.071860  0.212455  0.353050  1.261969
   912.600000  0.000000  0.072186  0.213280  0.354375  1.247883
   914.840000  0.000000  0.072520  0.213411  0.354302  1.241673
   917.090000  0.000000  0.072069  0.212147  0.352224  1.192597
   919.330000  0.000000  0.072542  0.212382  0.352221  1.143253
   921.570000  0.000000  0.073311  0.215522  0.357733  1.196712
   923.810000  0.000000  0.072778  0.213861  0.354944  1.171924
   926.060000  0.000000  0.073314  0.214010  0.354706  1.247604
   928.300000  0.000000  0.073721  0.215731  0.357740  1.284144
   930.550000  0.000000  0.073292  0.214331  0.355371  1.110500
   932.800000  0.000000  0.072408  0.210416  0.348425  1.116153
   935.040000  0.000000  0.072990  0.209701  0.346411  1.183291
   937.290000  0.000000  0.075026  0.213545  0.352064  1.178020
   939.540000  0.000000  0.073864  0.212850  0.351836  1.058500
   941.790000  0.000000  0.073714  0.213111  0.352508  1.256096
   944.040000  0.000000  0.074635  0.214613  0.354590  1.172094
   946.290000  0.000000  0.073408  0.211349  0.349290  1.129382
   948.550000  0.000000  0.073395  0.211250  0.349105  1.024735
   950.800000  0.000000  0.073769  0.212519  0.351268  1.226036
   953.060000  0.000000  0.073743  0.212751  0.351759  1.224013
   955.310000  0.000000  0.072972  0.210811  0.348649  1.054344
   957.570000  0.000000  0.073397  0.212752  0.352106  1.161048
   959.820000  0.000000  0.073833  0.213687  0.353540  1.125720
   962.080000  0.000000  0.073070  0.213119  0.353167  1.234455
   964.340000  0.000000  0.073413  0.212829  0.352244  1.086509
   966.600000  0.000000  0.073596  0.213055  0.352514  1.270131
   968.860000  0.000000  0.074966  0.216223  0.357479  1.008006
   971.120000  0.000000  0.073466  0.214190  0.354914  1.115410
   973.380000  0.000000  0.073768  0.214785  0.355801  1.098594
   975.650000  0.000000  0.074386  0.216079  0.357771  1.105777
   977.910000  0.000000  0.072690  0.213231  0.353771  1.080008
   980.180000  0.000000  0.071625  0.209630  0.347635  1.088810
   982.440000  0.000000  0.073815  0.214984  0.356153  1.053133
   984.710000  0.000000  0.073120  0.212132  0.351144  0.962019
   986.970000  0.000000  0.072561  0.212179  0.351797  1.041962
   989.240000  0.000000  0.071387  0.211823  0.352259  1.067030
   991.510000  0.000000  0.071905  0.211821  0.351736  0.990913
   993.780000  0.000000  0.070990  0.210006  0.349023  1.053359
   996.050000  0.000000  0.071800  0.212814  0.353828  1.067166
   998.320000  0.000000  0.072627  0.216108  0.359589  1.137645
  1000.590000  0.000000  0.069793  0.210979  0.352165  1.057233
  1002.870000  0.000000  0.066198  0.204155  0.342113  0.962402
  1005.140000  0.000000  0.069887  0.212381  0.354875  1.001175
  1007.420000  0.000000  0.068968  0.211911  0.354854  1.161533
  1009.690000  0.000000  0.064362  0.202695  0.341028  0.959252
  1011.970000  0.000000  0.065722  0.204931  0.344139  0.932749
  1014.250000  0.000000  0.065165  0.207743  0.350322  1.009218
  1016.520000  0.000000  0.063236  0.203139  0.343042  0.850155
  1018.800000  0.000000  0.062164  0.201403  0.340642  1.058292
  1021.080000  0.000000  0.061400  0.204057  0.346713  1.018316
  1023.360000  0.000000  0.055992  0.195135  0.334278  0.842031
  1025.650000  0.000000  0.055006  0.194331  0.333656  0.831217
