ENVI ASCII Plot File [Sun Jul 30 11:23:19 2023]
Column 1: Wavelength
Column 2: Min: ROI #5~~2##255,0,0
Column 3: Mean-StdDev: ROI #5~~21##0,200,0
Column 4: Mean: ROI #5~~0##0,0,0
Column 5: Mean+StdDev: ROI #5~~21##0,200,0
Column 6: Max: ROI #5~~2##255,0,0
   381.170000  0.000000  0.096569  0.143590  0.190611  0.349969
   383.200000  0.000000  0.091354  0.135322  0.179290  0.332292
   385.230000  0.000000  0.100594  0.144167  0.187740  0.367969
   387.260000  0.003991  0.098424  0.139191  0.179957  0.312299
   389.290000  0.009696  0.096785  0.137019  0.177254  0.417769
   391.330000  0.002387  0.090841  0.129254  0.167668  0.386909
   393.360000  0.012593  0.076714  0.108774  0.140834  0.358446
   395.390000  0.016093  0.075707  0.108612  0.141518  0.362798
   397.430000  0.013228  0.066247  0.095296  0.124344  0.320739
   399.470000  0.009616  0.062702  0.092459  0.122215  0.364198
   401.500000  0.010372  0.056206  0.083692  0.111178  0.303673
   403.540000  0.010923  0.051619  0.077752  0.103886  0.299868
   405.580000  0.009716  0.048539  0.073753  0.098967  0.286305
   407.620000  0.008998  0.046490  0.071308  0.096127  0.289443
   409.660000  0.008374  0.044299  0.068667  0.093034  0.279955
   411.700000  0.008426  0.042702  0.066914  0.091127  0.297521
   413.740000  0.006002  0.040832  0.064506  0.088181  0.298605
   415.780000  0.005752  0.039607  0.063138  0.086668  0.310867
   417.830000  0.008493  0.038651  0.062098  0.085545  0.323638
   419.870000  0.006655  0.038320  0.061882  0.085445  0.328120
   421.920000  0.007566  0.037990  0.061778  0.085566  0.360203
   423.960000  0.007276  0.037869  0.061893  0.085918  0.350982
   426.010000  0.005849  0.037944  0.062349  0.086754  0.362181
   428.060000  0.006975  0.037595  0.062149  0.086703  0.374351
   430.110000  0.007798  0.037675  0.062474  0.087273  0.396173
   432.160000  0.007128  0.038738  0.064141  0.089544  0.378091
   434.210000  0.007068  0.038159  0.063950  0.089741  0.403503
   436.260000  0.006699  0.038272  0.064312  0.090352  0.406950
   438.310000  0.007460  0.038057  0.064119  0.090182  0.420955
   440.360000  0.007196  0.038684  0.065386  0.092088  0.433719
   442.420000  0.006024  0.038882  0.065900  0.092918  0.432429
   444.470000  0.006086  0.038974  0.066293  0.093613  0.408880
   446.530000  0.006079  0.039421  0.067232  0.095042  0.402066
   448.590000  0.005872  0.039996  0.068297  0.096599  0.385217
   450.640000  0.006401  0.040188  0.068855  0.097522  0.364717
   452.700000  0.006388  0.040441  0.069509  0.098577  0.352405
   454.760000  0.005593  0.041111  0.070682  0.100253  0.358108
   456.820000  0.005160  0.041344  0.071286  0.101228  0.341232
   458.880000  0.006556  0.041598  0.071885  0.102172  0.330819
   460.940000  0.006671  0.041948  0.072593  0.103238  0.327480
   463.000000  0.005208  0.042157  0.073116  0.104075  0.313694
   465.070000  0.005651  0.042240  0.073386  0.104531  0.311454
   467.130000  0.006013  0.042540  0.074080  0.105621  0.315941
   469.200000  0.006123  0.042866  0.074652  0.106437  0.313767
   471.260000  0.006116  0.043111  0.075232  0.107352  0.316512
   473.330000  0.006557  0.043565  0.076127  0.108689  0.308637
   475.400000  0.005590  0.043774  0.076576  0.109378  0.301804
   477.460000  0.006319  0.043959  0.076983  0.110007  0.298606
   479.530000  0.005378  0.044371  0.077728  0.111086  0.291323
   481.600000  0.006102  0.044560  0.078174  0.111789  0.285351
   483.670000  0.005721  0.044603  0.078344  0.112085  0.283990
   485.750000  0.004936  0.044860  0.078927  0.112994  0.293580
   487.820000  0.005493  0.045344  0.079815  0.114286  0.313383
   489.890000  0.006151  0.045979  0.080947  0.115914  0.293429
   491.970000  0.006560  0.046118  0.081267  0.116415  0.281395
   494.040000  0.006463  0.046510  0.081918  0.117327  0.284087
   496.120000  0.005835  0.047038  0.082883  0.118728  0.278022
   498.190000  0.006227  0.047174  0.083187  0.119200  0.275072
   500.270000  0.005976  0.047162  0.083255  0.119347  0.278773
   502.350000  0.006529  0.047479  0.083806  0.120133  0.284898
   504.430000  0.005766  0.048189  0.085110  0.122030  0.286068
   506.510000  0.005965  0.048515  0.085702  0.122888  0.283194
   508.590000  0.006282  0.048794  0.086229  0.123664  0.282942
   510.670000  0.005840  0.049345  0.087143  0.124941  0.286633
   512.750000  0.006327  0.049577  0.087639  0.125701  0.286434
   514.840000  0.005624  0.049614  0.087754  0.125894  0.291128
   516.920000  0.004744  0.050205  0.088759  0.127313  0.300565
   519.010000  0.006203  0.050646  0.089480  0.128315  0.316672
   521.090000  0.006761  0.051867  0.091605  0.131343  0.308671
   523.180000  0.006114  0.052022  0.091787  0.131553  0.295692
   525.270000  0.005609  0.052344  0.092409  0.132473  0.292999
   527.360000  0.006116  0.052509  0.092657  0.132805  0.295434
   529.450000  0.006178  0.053568  0.094466  0.135365  0.300084
   531.540000  0.006810  0.053997  0.095205  0.136414  0.288534
   533.630000  0.006395  0.054366  0.095819  0.137271  0.291408
   535.720000  0.006266  0.055352  0.097591  0.139831  0.295390
   537.810000  0.006429  0.055785  0.098351  0.140916  0.291537
   539.910000  0.006533  0.056464  0.099668  0.142873  0.294926
   542.000000  0.006204  0.057066  0.100790  0.144515  0.299819
   544.090000  0.005507  0.058415  0.103270  0.148125  0.299016
   546.190000  0.006515  0.059350  0.104967  0.150585  0.297133
   548.290000  0.006249  0.060083  0.106304  0.152526  0.295735
   550.390000  0.007477  0.060897  0.108017  0.155137  0.293782
   552.480000  0.006457  0.061561  0.109341  0.157121  0.295961
   554.580000  0.006987  0.062602  0.111444  0.160285  0.303781
   556.680000  0.006529  0.063870  0.113917  0.163965  0.311228
   558.790000  0.006503  0.064901  0.116152  0.167403  0.322621
   560.890000  0.007449  0.066425  0.119269  0.172112  0.331668
   562.990000  0.006873  0.068018  0.122610  0.177202  0.331063
   565.090000  0.006394  0.069145  0.125041  0.180936  0.332709
   567.200000  0.005966  0.070142  0.127432  0.184723  0.336698
   569.310000  0.006915  0.071500  0.130580  0.189659  0.341337
   571.410000  0.007034  0.072534  0.132948  0.193362  0.345833
   573.520000  0.006593  0.074137  0.136706  0.199274  0.347492
   575.630000  0.006797  0.075017  0.138997  0.202976  0.345208
   577.740000  0.007384  0.076196  0.141919  0.207642  0.352026
   579.850000  0.006896  0.077359  0.144823  0.212286  0.354629
   581.960000  0.007563  0.078792  0.148179  0.217566  0.353092
   584.070000  0.007126  0.079950  0.150966  0.221982  0.349933
   586.180000  0.007197  0.080453  0.152612  0.224770  0.349337
   588.290000  0.006807  0.081449  0.155094  0.228739  0.358149
   590.410000  0.007242  0.081593  0.155946  0.230299  0.366518
   592.520000  0.007959  0.084036  0.161346  0.238655  0.372146
   594.640000  0.006924  0.084216  0.162197  0.240179  0.363819
   596.750000  0.007587  0.085016  0.164190  0.243364  0.367976
   598.870000  0.006237  0.085810  0.166161  0.246512  0.371349
   600.990000  0.007618  0.086367  0.167554  0.248740  0.376507
   603.110000  0.006766  0.086879  0.169024  0.251169  0.380302
   605.230000  0.007289  0.087868  0.171299  0.254729  0.380008
   607.350000  0.006995  0.088191  0.172115  0.256039  0.380479
   609.470000  0.007508  0.088905  0.173789  0.258673  0.385358
   611.590000  0.008105  0.089520  0.175314  0.261107  0.392404
   613.720000  0.008008  0.090422  0.177301  0.264181  0.397600
   615.840000  0.007541  0.090858  0.178317  0.265776  0.402165
   617.970000  0.006181  0.090922  0.178676  0.266431  0.402472
   620.090000  0.006888  0.091844  0.180664  0.269483  0.401691
   622.220000  0.007107  0.091656  0.180491  0.269326  0.403391
   624.340000  0.007384  0.091673  0.180634  0.269595  0.415536
   626.470000  0.008257  0.092392  0.182217  0.272041  0.427593
   628.600000  0.007500  0.093062  0.183550  0.274037  0.432289
   630.730000  0.007398  0.093619  0.184524  0.275430  0.439692
   632.860000  0.007228  0.094443  0.185977  0.277511  0.441396
   635.000000  0.008309  0.094910  0.187034  0.279159  0.441965
   637.130000  0.007231  0.095285  0.187804  0.280324  0.440371
   639.260000  0.007898  0.095725  0.188754  0.281784  0.439984
   641.400000  0.007304  0.095166  0.187882  0.280598  0.443899
   643.530000  0.008815  0.095939  0.189593  0.283247  0.451410
   645.670000  0.008745  0.096275  0.190443  0.284612  0.455895
   647.800000  0.007740  0.096252  0.190708  0.285163  0.458826
   649.940000  0.007751  0.096578  0.191474  0.286370  0.466099
   652.080000  0.007713  0.097197  0.192779  0.288361  0.472623
   654.220000  0.008125  0.097564  0.193884  0.290204  0.482101
   656.360000  0.008546  0.096273  0.191199  0.286126  0.496772
   658.500000  0.007720  0.097496  0.193595  0.289693  0.521586
   660.640000  0.007445  0.099135  0.197330  0.295524  0.504530
   662.780000  0.007735  0.098268  0.195824  0.293380  0.497502
   664.930000  0.007365  0.097895  0.195486  0.293076  0.498622
   667.070000  0.007383  0.098504  0.196935  0.295367  0.506477
   669.220000  0.006678  0.098953  0.197997  0.297041  0.513308
   671.360000  0.007072  0.098919  0.198076  0.297234  0.516970
   673.510000  0.008372  0.099277  0.199040  0.298803  0.521807
   675.660000  0.006999  0.099708  0.200064  0.300420  0.524898
   677.810000  0.007835  0.100261  0.200886  0.301511  0.531065
   679.960000  0.007936  0.100680  0.201792  0.302905  0.534997
   682.110000  0.007069  0.101115  0.202434  0.303752  0.539468
   684.260000  0.007896  0.101827  0.203674  0.305522  0.550880
   686.410000  0.008132  0.101675  0.202693  0.303711  0.580998
   688.560000  0.007367  0.100305  0.198416  0.296528  0.631478
   690.720000  0.007534  0.106165  0.208643  0.311122  0.657038
   692.870000  0.009162  0.108178  0.211149  0.314120  0.627218
   695.030000  0.007268  0.109366  0.211565  0.313764  0.610924
   697.180000  0.008323  0.111177  0.213250  0.315324  0.612098
   699.340000  0.008497  0.112722  0.214372  0.316021  0.615566
   701.500000  0.008488  0.114406  0.215356  0.316305  0.625941
   703.660000  0.009206  0.116656  0.217972  0.319288  0.635892
   705.820000  0.007048  0.119061  0.220784  0.322507  0.639481
   707.980000  0.008407  0.120171  0.221425  0.322678  0.647197
   710.140000  0.008387  0.121643  0.222881  0.324118  0.659754
   712.300000  0.009941  0.123077  0.224489  0.325902  0.676222
   714.460000  0.009364  0.124602  0.226140  0.327678  0.690412
   716.630000  0.010076  0.125595  0.227049  0.328504  0.714346
   718.790000  0.010746  0.125161  0.224765  0.324368  0.714707
   720.960000  0.009167  0.128728  0.229802  0.330876  0.729322
   723.130000  0.009252  0.133828  0.237847  0.341867  0.741262
   725.290000  0.009793  0.133794  0.237317  0.340840  0.738748
   727.460000  0.010601  0.135124  0.239256  0.343388  0.735364
   729.630000  0.010791  0.134170  0.236685  0.339200  0.720561
   731.800000  0.008846  0.135855  0.238799  0.341743  0.742141
   733.970000  0.009145  0.137687  0.241673  0.345659  0.744437
   736.140000  0.010967  0.138324  0.242261  0.346198  0.726346
   738.310000  0.011355  0.138849  0.242602  0.346356  0.717085
   740.490000  0.011743  0.139851  0.243838  0.347824  0.722112
   742.660000  0.009344  0.140733  0.245115  0.349498  0.749845
   744.840000  0.009862  0.141950  0.246930  0.351910  0.734143
   747.010000  0.010585  0.142938  0.248201  0.353464  0.729121
   749.190000  0.010536  0.142950  0.248210  0.353470  0.738217
   751.370000  0.010092  0.143146  0.248028  0.352910  0.734350
   753.540000  0.009223  0.144345  0.249769  0.355192  0.731918
   755.720000  0.011176  0.145202  0.251058  0.356915  0.742216
   757.900000  0.011981  0.145148  0.252190  0.359232  0.745516
   760.080000  0.010450  0.133759  0.232102  0.330444  0.689138
   762.270000  0.011137  0.126983  0.214892  0.302800  0.604567
   764.450000  0.009356  0.155593  0.263277  0.370961  0.774673
   766.630000  0.014688  0.158362  0.269471  0.380580  0.786634
   768.820000  0.012687  0.155466  0.265879  0.376292  0.772305
   771.000000  0.011351  0.150481  0.257787  0.365094  0.742795
   773.190000  0.010091  0.149427  0.255686  0.361945  0.759516
   775.370000  0.012994  0.149626  0.255796  0.361965  0.737612
   777.560000  0.010305  0.150228  0.256534  0.362840  0.762215
   779.750000  0.009860  0.150316  0.256416  0.362516  0.736964
   781.940000  0.009141  0.150949  0.257031  0.363113  0.757245
   784.130000  0.011429  0.151154  0.256978  0.362803  0.738173
   786.320000  0.011756  0.152101  0.258252  0.364403  0.731333
   788.510000  0.012732  0.152303  0.258476  0.364650  0.749789
   790.700000  0.012784  0.152626  0.258977  0.365327  0.724779
   792.900000  0.012030  0.152861  0.258977  0.365093  0.734313
   795.090000  0.012373  0.153608  0.259870  0.366131  0.743000
   797.290000  0.009050  0.154981  0.261781  0.368581  0.723343
   799.480000  0.009181  0.154851  0.261596  0.368341  0.740153
   801.680000  0.008621  0.155180  0.261563  0.367946  0.710156
   803.880000  0.011015  0.155720  0.262381  0.369043  0.733608
   806.080000  0.013077  0.156409  0.263080  0.369751  0.742081
   808.280000  0.011983  0.156918  0.263743  0.370567  0.734778
   810.480000  0.012010  0.156983  0.263377  0.369771  0.758928
   812.680000  0.013894  0.157582  0.264318  0.371053  0.729697
   814.880000  0.008956  0.156565  0.262089  0.367613  0.731962
   817.080000  0.012217  0.156692  0.261935  0.367178  0.739375
   819.290000  0.015397  0.158388  0.264275  0.370161  0.723297
   821.490000  0.013000  0.159852  0.266253  0.372655  0.746259
   823.700000  0.011352  0.158444  0.263996  0.369548  0.715770
   825.900000  0.012326  0.161802  0.269261  0.376720  0.769602
   828.110000  0.013871  0.159846  0.265873  0.371901  0.728398
   830.320000  0.009498  0.160096  0.265840  0.371585  0.728313
   832.530000  0.010588  0.161153  0.267763  0.374373  0.771042
   834.740000  0.008947  0.161391  0.267645  0.373900  0.711264
   836.950000  0.009351  0.162399  0.269237  0.376076  0.760520
   839.160000  0.010760  0.162508  0.268469  0.374429  0.736124
   841.370000  0.009835  0.162610  0.268654  0.374697  0.743242
   843.580000  0.008067  0.162394  0.268112  0.373831  0.730361
   845.800000  0.008348  0.163320  0.269505  0.375691  0.763836
   848.010000  0.010037  0.163184  0.268670  0.374156  0.751462
   850.230000  0.012313  0.162351  0.267383  0.372415  0.722697
   852.440000  0.010508  0.163915  0.269307  0.374698  0.758707
   854.660000  0.009169  0.162461  0.266421  0.370381  0.717487
   856.880000  0.012264  0.166770  0.273229  0.379688  0.700565
   859.100000  0.003411  0.166238  0.272091  0.377944  0.756866
   861.320000  0.010574  0.165348  0.270717  0.376085  0.728532
   863.540000  0.010484  0.165430  0.270989  0.376548  0.727922
   865.760000  0.013490  0.164505  0.269051  0.373598  0.753992
   867.980000  0.009948  0.165072  0.269375  0.373677  0.765690
   870.200000  0.011436  0.168915  0.275324  0.381733  0.816959
   872.430000  0.003106  0.167268  0.272683  0.378097  0.723834
   874.650000  0.008644  0.167817  0.273052  0.378286  0.755997
   876.880000  0.010159  0.168237  0.273848  0.379459  0.743571
   879.110000  0.011695  0.168809  0.274690  0.380572  0.728516
   881.330000  0.009367  0.168228  0.273450  0.378672  0.705052
   883.560000  0.011241  0.169188  0.274626  0.380064  0.728863
   885.790000  0.005115  0.168693  0.273784  0.378876  0.733770
   888.020000  0.003986  0.169352  0.274436  0.379520  0.767728
   890.250000  0.002760  0.169998  0.275472  0.380945  0.710983
   892.480000  0.004306  0.169209  0.273878  0.378547  0.728145
   894.710000  0.009161  0.169056  0.273617  0.378178  0.758790
   896.950000  0.011466  0.168854  0.272724  0.376593  0.720076
   899.180000  0.008553  0.169362  0.272718  0.376073  0.711963
   901.420000  0.001803  0.170880  0.274671  0.378462  0.721404
   903.650000  0.003829  0.173118  0.278687  0.384257  0.747670
   905.890000  0.003875  0.173596  0.278965  0.384334  0.747844
   908.130000  0.006209  0.170319  0.273820  0.377321  0.701426
   910.370000  0.006484  0.171651  0.276380  0.381109  0.727474
   912.600000  0.004499  0.173514  0.278685  0.383856  0.725930
   914.840000  0.006916  0.172832  0.276837  0.380843  0.725711
   917.090000  0.000000  0.172722  0.276442  0.380162  0.707601
   919.330000  0.009821  0.172452  0.276855  0.381258  0.713811
   921.570000  0.005022  0.175472  0.281018  0.386565  0.752850
   923.810000  0.005140  0.173381  0.277063  0.380745  0.722628
   926.060000  0.002654  0.172965  0.277407  0.381849  0.717005
   928.300000  0.000000  0.173228  0.276861  0.380494  0.689172
   930.550000  0.000000  0.169439  0.271128  0.372817  0.705976
   932.800000  0.000000  0.166199  0.264462  0.362725  0.616671
   935.040000  0.000000  0.168531  0.267170  0.365809  0.701145
   937.290000  0.000000  0.176549  0.279944  0.383338  0.676575
   939.540000  0.000000  0.176331  0.280186  0.384041  0.689583
   941.790000  0.000000  0.173985  0.277600  0.381215  0.672014
   944.040000  0.000000  0.172789  0.274390  0.375990  0.677646
   946.290000  0.000000  0.172396  0.274263  0.376131  0.753431
   948.550000  0.000000  0.171128  0.273504  0.375880  0.622634
   950.800000  0.000000  0.172439  0.274986  0.377534  0.740766
   953.060000  0.000000  0.172807  0.275231  0.377655  0.661416
   955.310000  0.000000  0.172045  0.275318  0.378591  0.733160
   957.570000  0.000000  0.172765  0.276028  0.379290  0.740619
   959.820000  0.000000  0.173784  0.277994  0.382204  0.710053
   962.080000  0.000000  0.171473  0.276669  0.381864  0.690358
   964.340000  0.000000  0.173523  0.278027  0.382531  0.677086
   966.600000  0.000000  0.175701  0.280087  0.384473  0.691058
   968.860000  0.000000  0.176390  0.282223  0.388056  0.683339
   971.120000  0.000000  0.173675  0.278939  0.384203  0.664746
   973.380000  0.000000  0.171898  0.276801  0.381704  0.685673
   975.650000  0.000000  0.173807  0.279093  0.384379  0.643177
   977.910000  0.000000  0.170351  0.275482  0.380612  0.644649
   980.180000  0.000000  0.171070  0.274731  0.378393  0.654277
   982.440000  0.000000  0.171799  0.277929  0.384058  0.658032
   984.710000  0.000000  0.168000  0.271913  0.375827  0.730293
   986.970000  0.000000  0.168873  0.274879  0.380885  0.651979
   989.240000  0.000000  0.167361  0.272614  0.377868  0.690456
   991.510000  0.000000  0.170308  0.276379  0.382451  0.671250
   993.780000  0.000000  0.163610  0.270280  0.376951  0.709865
   996.050000  0.000000  0.164787  0.272081  0.379376  0.774018
   998.320000  0.000000  0.166860  0.275944  0.385027  0.766392
  1000.590000  0.000000  0.161656  0.268134  0.374612  0.642812
  1002.870000  0.000000  0.157062  0.263422  0.369782  0.694435
  1005.140000  0.000000  0.161559  0.271602  0.381646  0.761081
  1007.420000  0.000000  0.161399  0.273151  0.384904  0.769208
  1009.690000  0.000000  0.152857  0.262188  0.371518  0.688912
  1011.970000  0.000000  0.149332  0.259508  0.369684  0.729237
  1014.250000  0.000000  0.154174  0.268140  0.382107  0.873632
  1016.520000  0.000000  0.145793  0.259779  0.373765  0.724830
  1018.800000  0.000000  0.142886  0.255369  0.367851  0.693860
  1021.080000  0.000000  0.141334  0.258447  0.375559  0.775452
  1023.360000  0.000000  0.140820  0.255565  0.370310  0.791161
  1025.650000  0.000000  0.135796  0.253893  0.371990  0.714453
