ENVI ASCII Plot File [Sun Jul 30 11:21:59 2023]
Column 1: Wavelength
Column 2: Min: ROI #5~~2##255,0,0
Column 3: Mean-StdDev: ROI #5~~21##0,200,0
Column 4: Mean: ROI #5~~0##0,0,0
Column 5: Mean+StdDev: ROI #5~~21##0,200,0
Column 6: Max: ROI #5~~2##255,0,0
   381.170000  0.000000  0.024931  0.089973  0.155016  0.296058
   383.200000  0.000000  0.023313  0.084931  0.146549  0.292947
   385.230000  0.000000  0.025779  0.088105  0.150431  0.274529
   387.260000  0.000000  0.025793  0.085430  0.145067  0.281036
   389.290000  0.000000  0.025419  0.082710  0.140001  0.275756
   391.330000  0.000000  0.023927  0.078700  0.133473  0.270192
   393.360000  0.000000  0.020800  0.068881  0.116962  0.281719
   395.390000  0.000000  0.019302  0.065856  0.112411  0.294650
   397.430000  0.000000  0.016818  0.059082  0.101346  0.299835
   399.470000  0.000000  0.014689  0.055508  0.096327  0.378014
   401.500000  0.000000  0.013140  0.051395  0.089651  0.374710
   403.540000  0.000000  0.011766  0.048193  0.084621  0.410904
   405.580000  0.000000  0.010712  0.045852  0.080991  0.406627
   407.620000  0.000000  0.009983  0.044349  0.078714  0.469138
   409.660000  0.000000  0.009103  0.042693  0.076282  0.446737
   411.700000  0.000000  0.008531  0.041698  0.074866  0.466046
   413.740000  0.000000  0.007887  0.040378  0.072870  0.471528
   415.780000  0.000000  0.007371  0.039442  0.071513  0.484282
   417.830000  0.000000  0.006961  0.038864  0.070767  0.499330
   419.870000  0.000000  0.006729  0.038722  0.070715  0.480618
   421.920000  0.000000  0.006378  0.038602  0.070827  0.501120
   423.960000  0.000000  0.006261  0.038775  0.071289  0.511509
   426.010000  0.000000  0.006075  0.039005  0.071935  0.516906
   428.060000  0.000000  0.005860  0.039018  0.072176  0.510517
   430.110000  0.000000  0.005826  0.039185  0.072544  0.517212
   432.160000  0.000000  0.005966  0.040029  0.074092  0.515123
   434.210000  0.000000  0.005569  0.039722  0.073874  0.512047
   436.260000  0.000000  0.005616  0.040134  0.074653  0.487820
   438.310000  0.000000  0.005581  0.040115  0.074650  0.463670
   440.360000  0.000000  0.005708  0.040708  0.075708  0.468317
   442.420000  0.000000  0.005684  0.040926  0.076168  0.431482
   444.470000  0.000000  0.005791  0.041222  0.076653  0.407830
   446.530000  0.000000  0.005942  0.041745  0.077547  0.402029
   448.590000  0.000000  0.006059  0.042277  0.078496  0.385323
   450.640000  0.000000  0.006090  0.042645  0.079200  0.363295
   452.700000  0.000000  0.006184  0.043079  0.079975  0.352337
   454.760000  0.000000  0.006298  0.043754  0.081209  0.357193
   456.820000  0.000000  0.006326  0.044044  0.081762  0.341335
   458.880000  0.000000  0.006382  0.044394  0.082407  0.329936
   460.940000  0.000000  0.006453  0.044825  0.083197  0.328740
   463.000000  0.000000  0.006475  0.045048  0.083621  0.317221
   465.070000  0.000000  0.006517  0.045299  0.084081  0.315232
   467.130000  0.000000  0.006535  0.045695  0.084856  0.318146
   469.200000  0.000000  0.006559  0.045942  0.085326  0.316545
   471.260000  0.000000  0.006613  0.046306  0.085998  0.312234
   473.330000  0.000000  0.006633  0.046629  0.086625  0.302442
   475.400000  0.000000  0.006710  0.046898  0.087087  0.295499
   477.460000  0.000000  0.006753  0.047199  0.087645  0.292092
   479.530000  0.000000  0.006836  0.047541  0.088246  0.285524
   481.600000  0.000000  0.006841  0.047764  0.088688  0.278668
   483.670000  0.000000  0.006901  0.048056  0.089211  0.276904
   485.750000  0.000000  0.006844  0.048456  0.090068  0.287895
   487.820000  0.000000  0.006843  0.048924  0.091004  0.306499
   489.890000  0.000000  0.006917  0.049263  0.091610  0.288320
   491.970000  0.000000  0.007055  0.049497  0.091939  0.275437
   494.040000  0.000000  0.007135  0.049969  0.092802  0.276102
   496.120000  0.000000  0.007221  0.050353  0.093485  0.269155
   498.190000  0.000000  0.007260  0.050504  0.093748  0.265895
   500.270000  0.000000  0.007211  0.050647  0.094082  0.270069
   502.350000  0.000000  0.007235  0.051003  0.094771  0.276918
   504.430000  0.000000  0.007306  0.051533  0.095760  0.278114
   506.510000  0.000000  0.007354  0.051933  0.096512  0.274279
   508.590000  0.000000  0.007422  0.052219  0.097015  0.273977
   510.670000  0.000000  0.007452  0.052607  0.097763  0.278470
   512.750000  0.000000  0.007488  0.052953  0.098418  0.278441
   514.840000  0.000000  0.007396  0.053085  0.098774  0.283119
   516.920000  0.000000  0.007477  0.053672  0.099866  0.293096
   519.010000  0.000000  0.007441  0.054141  0.100841  0.309386
   521.090000  0.000000  0.007612  0.054807  0.102002  0.299392
   523.180000  0.000000  0.007732  0.054922  0.102111  0.287413
   525.270000  0.000000  0.007833  0.055303  0.102773  0.285044
   527.360000  0.000000  0.007850  0.055556  0.103263  0.288053
   529.450000  0.000000  0.007925  0.056259  0.104593  0.293385
   531.540000  0.000000  0.008083  0.056693  0.105303  0.281259
   533.630000  0.000000  0.008178  0.057065  0.105953  0.283641
   535.720000  0.000000  0.008259  0.057799  0.107338  0.288243
   537.810000  0.000000  0.008355  0.058147  0.107938  0.285408
   539.910000  0.000000  0.008447  0.058760  0.109074  0.289213
   542.000000  0.000000  0.008497  0.059379  0.110260  0.292459
   544.090000  0.000000  0.008720  0.060329  0.111937  0.289755
   546.190000  0.000000  0.008906  0.061106  0.113305  0.289007
   548.290000  0.000000  0.009022  0.061658  0.114295  0.286511
   550.390000  0.000000  0.009152  0.062336  0.115520  0.288134
   552.480000  0.000000  0.009216  0.063032  0.116847  0.290968
   554.580000  0.000000  0.009325  0.063985  0.118644  0.295953
   556.680000  0.000000  0.009425  0.065121  0.120818  0.303809
   558.790000  0.000000  0.009535  0.066198  0.122860  0.315982
   560.890000  0.000000  0.009678  0.067474  0.125271  0.323627
   562.990000  0.000000  0.009869  0.068802  0.127736  0.322704
   565.090000  0.000000  0.009992  0.069872  0.129753  0.324253
   567.200000  0.000000  0.010049  0.070919  0.131789  0.327525
   569.310000  0.000000  0.010170  0.072143  0.134115  0.331207
   571.410000  0.000000  0.010221  0.073207  0.136194  0.336849
   573.520000  0.000000  0.010315  0.074626  0.138936  0.338771
   575.630000  0.000000  0.010452  0.075783  0.141115  0.336894
   577.740000  0.000000  0.010506  0.076913  0.143320  0.343277
   579.850000  0.000000  0.010545  0.078143  0.145742  0.346925
   581.960000  0.000000  0.010649  0.079451  0.148253  0.346474
   584.070000  0.000000  0.010790  0.080558  0.150326  0.341147
   586.180000  0.000000  0.010762  0.081264  0.151767  0.340687
   588.290000  0.000000  0.010725  0.082389  0.154053  0.349366
   590.410000  0.000000  0.010610  0.082918  0.155226  0.358236
   592.520000  0.000000  0.010786  0.084749  0.158712  0.362457
   594.640000  0.000000  0.010826  0.085364  0.159903  0.355453
   596.750000  0.000000  0.010811  0.086098  0.161384  0.358588
   598.870000  0.000000  0.010775  0.086928  0.163080  0.362738
   600.990000  0.000000  0.010762  0.087618  0.164473  0.367959
   603.110000  0.000000  0.010728  0.088173  0.165619  0.371664
   605.230000  0.000000  0.010808  0.089111  0.167413  0.371930
   607.350000  0.000000  0.010839  0.089657  0.168475  0.372730
   609.470000  0.000000  0.010876  0.090346  0.169816  0.377414
   611.590000  0.000000  0.010867  0.091081  0.171296  0.381879
   613.720000  0.000000  0.010861  0.091746  0.172631  0.385478
   615.840000  0.000000  0.010793  0.092178  0.173563  0.390543
   617.970000  0.000000  0.010711  0.092332  0.173953  0.393021
   620.090000  0.000000  0.010741  0.092970  0.175199  0.391181
   622.220000  0.000000  0.010761  0.093167  0.175572  0.393526
   624.340000  0.000000  0.010691  0.093485  0.176278  0.403795
   626.470000  0.000000  0.010623  0.094020  0.177417  0.414912
   628.600000  0.000000  0.010675  0.094744  0.178813  0.422363
   630.730000  0.000000  0.010767  0.095242  0.179716  0.428897
   632.860000  0.000000  0.010764  0.095675  0.180587  0.431367
   635.000000  0.000000  0.010841  0.096261  0.181680  0.430836
   637.130000  0.000000  0.010911  0.096622  0.182333  0.429561
   639.260000  0.000000  0.010874  0.096979  0.183085  0.430566
   641.400000  0.000000  0.010825  0.096893  0.182962  0.434037
   643.530000  0.000000  0.010810  0.097530  0.184251  0.441138
   645.670000  0.000000  0.010726  0.097944  0.185162  0.442275
   647.800000  0.000000  0.010714  0.098198  0.185682  0.448282
   649.940000  0.000000  0.010673  0.098533  0.186392  0.454360
   652.080000  0.000000  0.010594  0.098902  0.187209  0.462151
   654.220000  0.000000  0.010643  0.099545  0.188446  0.469230
   656.360000  0.000000  0.010386  0.098963  0.187540  0.484303
   658.500000  0.000000  0.010400  0.099355  0.188310  0.510228
   660.640000  0.000000  0.010592  0.100768  0.190943  0.493999
   662.780000  0.000000  0.010391  0.100277  0.190163  0.487126
   664.930000  0.000000  0.010283  0.100342  0.190401  0.489368
   667.070000  0.000000  0.010225  0.100840  0.191454  0.495327
   669.220000  0.000000  0.010209  0.101219  0.192228  0.500487
   671.360000  0.000000  0.010146  0.101442  0.192738  0.504775
   673.510000  0.000000  0.010123  0.101704  0.193284  0.512702
   675.660000  0.000000  0.010157  0.102178  0.194200  0.513723
   677.810000  0.000000  0.010156  0.102516  0.194875  0.519079
   679.960000  0.000000  0.010168  0.102855  0.195542  0.522081
   682.110000  0.000000  0.010257  0.103227  0.196198  0.526110
   684.260000  0.000000  0.010363  0.103864  0.197365  0.535325
   686.410000  0.000000  0.010424  0.104157  0.197890  0.562476
   688.560000  0.000000  0.010428  0.103188  0.195948  0.618031
   690.720000  0.000000  0.011262  0.106253  0.201245  0.644071
   692.870000  0.000000  0.011854  0.107544  0.203235  0.613172
   695.030000  0.000000  0.012463  0.108456  0.204448  0.595972
   697.180000  0.000000  0.012982  0.109404  0.205827  0.595371
   699.340000  0.000000  0.013535  0.110323  0.207111  0.600492
   701.500000  0.000000  0.014039  0.111179  0.208320  0.612880
   703.660000  0.000000  0.014544  0.112343  0.210142  0.623618
   705.820000  0.000000  0.015129  0.113671  0.212214  0.629589
   707.980000  0.000000  0.015556  0.114400  0.213244  0.634237
   710.140000  0.000000  0.015869  0.115213  0.214556  0.646803
   712.300000  0.000000  0.016219  0.116136  0.216054  0.662055
   714.460000  0.000000  0.016519  0.116978  0.217437  0.681762
   716.630000  0.000000  0.016742  0.117821  0.218900  0.709633
   718.790000  0.000000  0.016862  0.117647  0.218432  0.753748
   720.960000  0.000000  0.017376  0.119219  0.221062  0.790198
   723.130000  0.000000  0.018194  0.122141  0.226088  0.783830
   725.290000  0.000000  0.018254  0.122082  0.225911  0.767988
   727.460000  0.000000  0.018453  0.122531  0.226609  0.775820
   729.630000  0.000000  0.018364  0.121929  0.225494  0.780400
   731.800000  0.000000  0.018668  0.122799  0.226930  0.802391
   733.970000  0.000000  0.018985  0.124024  0.229064  0.810074
   736.140000  0.000000  0.019213  0.124485  0.229756  0.809474
   738.310000  0.000000  0.019390  0.125019  0.230648  0.819146
   740.490000  0.000000  0.019559  0.125670  0.231780  0.835492
   742.660000  0.000000  0.019811  0.126358  0.232906  0.842831
   744.840000  0.000000  0.019991  0.127124  0.234257  0.846091
   747.010000  0.000000  0.020206  0.127674  0.235142  0.850467
   749.190000  0.000000  0.020295  0.128078  0.235860  0.864056
   751.370000  0.000000  0.020315  0.128030  0.235745  0.885284
   753.540000  0.000000  0.020603  0.128736  0.236868  0.907833
   755.720000  0.000000  0.020734  0.129353  0.237972  0.919524
   757.900000  0.000000  0.020687  0.129970  0.239252  0.919866
   760.080000  0.000000  0.019895  0.126346  0.232797  0.957500
   762.270000  0.000000  0.019435  0.117973  0.216511  0.875987
   764.450000  0.000000  0.022969  0.132645  0.242320  0.848161
   766.630000  0.000000  0.022996  0.134007  0.245018  0.881044
   768.820000  0.000000  0.022595  0.134356  0.246117  0.910378
   771.000000  0.000000  0.021974  0.132608  0.243242  0.896740
   773.190000  0.000000  0.021918  0.132272  0.242626  0.906797
   775.370000  0.000000  0.022095  0.132608  0.243122  0.891626
   777.560000  0.000000  0.022134  0.132760  0.243387  0.936722
   779.750000  0.000000  0.022372  0.133195  0.244018  0.914584
   781.940000  0.000000  0.022358  0.133412  0.244466  0.922124
   784.130000  0.000000  0.022528  0.133617  0.244706  0.927234
   786.320000  0.000000  0.022715  0.134326  0.245936  0.922439
   788.510000  0.000000  0.022807  0.134562  0.246317  0.909209
   790.700000  0.000000  0.022998  0.134895  0.246792  0.906463
   792.900000  0.000000  0.023081  0.134996  0.246911  0.913336
   795.090000  0.000000  0.023410  0.135381  0.247352  0.912629
   797.290000  0.000000  0.023507  0.135999  0.248491  0.911635
   799.480000  0.000000  0.023463  0.136271  0.249078  0.969790
   801.680000  0.000000  0.023692  0.136318  0.248943  0.948441
   803.880000  0.000000  0.023808  0.136867  0.249927  0.937689
   806.080000  0.000000  0.023960  0.137210  0.250459  0.940325
   808.280000  0.000000  0.024012  0.137566  0.251120  0.916304
   810.480000  0.000000  0.024273  0.137790  0.251307  0.944396
   812.680000  0.000000  0.024373  0.138314  0.252256  0.971145
   814.880000  0.000000  0.024468  0.137935  0.251401  0.938662
   817.080000  0.000000  0.024579  0.138050  0.251521  0.993435
   819.290000  0.000000  0.024774  0.138474  0.252175  0.926192
   821.490000  0.000000  0.025265  0.139592  0.253918  0.981260
   823.700000  0.000000  0.024965  0.138967  0.252968  0.948105
   825.900000  0.000000  0.025373  0.140615  0.255858  0.960455
   828.110000  0.000000  0.025366  0.140117  0.254868  0.949760
   830.320000  0.000000  0.025480  0.139921  0.254363  0.992859
   832.530000  0.000000  0.025829  0.141076  0.256323  0.953706
   834.740000  0.000000  0.025878  0.141270  0.256661  0.979458
   836.950000  0.000000  0.026113  0.141753  0.257394  0.888165
   839.160000  0.000000  0.026075  0.141692  0.257309  0.943616
   841.370000  0.000000  0.026295  0.142034  0.257773  0.975685
   843.580000  0.000000  0.026183  0.141868  0.257553  0.940258
   845.800000  0.000000  0.026286  0.142570  0.258854  0.985112
   848.010000  0.000000  0.026622  0.142552  0.258482  0.953030
   850.230000  0.000000  0.026594  0.142190  0.257787  0.940692
   852.440000  0.000000  0.026648  0.142630  0.258612  0.969107
   854.660000  0.000000  0.027090  0.142541  0.257991  0.965164
   856.880000  0.000000  0.027424  0.143819  0.260213  0.886780
   859.100000  0.000000  0.027466  0.144448  0.261430  0.945504
   861.320000  0.000000  0.027548  0.144188  0.260827  0.910665
   863.540000  0.000000  0.027656  0.144370  0.261085  0.934161
   865.760000  0.000000  0.027792  0.144557  0.261322  0.973689
   867.980000  0.000000  0.027785  0.143778  0.259770  0.926280
   870.200000  0.000000  0.028468  0.146249  0.264029  0.910152
   872.430000  0.000000  0.028271  0.145831  0.263391  0.925908
   874.650000  0.000000  0.028433  0.145993  0.263554  0.895503
   876.880000  0.000000  0.028747  0.146388  0.264029  0.885984
   879.110000  0.000000  0.028889  0.147092  0.265294  0.881817
   881.330000  0.000000  0.028987  0.146833  0.264678  0.884067
   883.560000  0.000000  0.029130  0.147175  0.265219  0.895822
   885.790000  0.000000  0.029328  0.147101  0.264873  0.884409
   888.020000  0.000000  0.029316  0.147229  0.265141  0.914540
   890.250000  0.000000  0.029620  0.147994  0.266369  0.893727
   892.480000  0.000000  0.029469  0.147414  0.265359  0.880208
   894.710000  0.000000  0.029598  0.147465  0.265333  0.872262
   896.950000  0.000000  0.029861  0.147617  0.265373  0.856355
   899.180000  0.000000  0.030054  0.147139  0.264225  0.886704
   901.420000  0.000000  0.030391  0.147696  0.265002  0.846746
   903.650000  0.000000  0.031032  0.149094  0.267155  0.864044
   905.890000  0.000000  0.030833  0.150092  0.269351  0.836974
   908.130000  0.000000  0.030702  0.148973  0.267244  0.829935
   910.370000  0.000000  0.030824  0.149073  0.267322  0.840900
   912.600000  0.000000  0.031071  0.150043  0.269014  0.861262
   914.840000  0.000000  0.031418  0.149955  0.268491  0.875687
   917.090000  0.000000  0.031371  0.149397  0.267424  0.835991
   919.330000  0.000000  0.031151  0.149454  0.267757  0.853829
   921.570000  0.000000  0.032083  0.152650  0.273218  0.928401
   923.810000  0.000000  0.031785  0.150504  0.269223  0.836987
   926.060000  0.000000  0.031627  0.150510  0.269393  0.927868
   928.300000  0.000000  0.031871  0.151428  0.270986  0.924709
   930.550000  0.000000  0.031684  0.150218  0.268752  0.815386
   932.800000  0.000000  0.031737  0.147439  0.263142  0.889435
   935.040000  0.000000  0.032171  0.147586  0.263000  0.747902
   937.290000  0.000000  0.033877  0.151088  0.268300  0.785763
   939.540000  0.000000  0.032404  0.150391  0.268378  0.905933
   941.790000  0.000000  0.032173  0.150317  0.268461  0.759020
   944.040000  0.000000  0.033114  0.151330  0.269547  0.797988
   946.290000  0.000000  0.032782  0.150514  0.268246  0.802654
   948.550000  0.000000  0.032495  0.149304  0.266113  0.823046
   950.800000  0.000000  0.032986  0.150723  0.268460  0.758810
   953.060000  0.000000  0.033011  0.151522  0.270034  0.873779
   955.310000  0.000000  0.033071  0.150935  0.268799  0.824995
   957.570000  0.000000  0.032982  0.151569  0.270156  0.786360
   959.820000  0.000000  0.033079  0.152358  0.271637  0.778161
   962.080000  0.000000  0.032193  0.150546  0.268898  0.767786
   964.340000  0.000000  0.032258  0.152329  0.272401  0.814460
   966.600000  0.000000  0.032919  0.153149  0.273379  0.791254
   968.860000  0.000000  0.033193  0.154438  0.275682  0.716795
   971.120000  0.000000  0.032840  0.153846  0.274852  0.822866
   973.380000  0.000000  0.032836  0.153283  0.273729  0.814906
   975.650000  0.000000  0.032114  0.152649  0.273185  0.826515
   977.910000  0.000000  0.032229  0.151504  0.270780  0.847412
   980.180000  0.000000  0.032307  0.150526  0.268746  0.818788
   982.440000  0.000000  0.032546  0.153235  0.273924  0.830708
   984.710000  0.000000  0.030958  0.149603  0.268248  0.720839
   986.970000  0.000000  0.031739  0.152817  0.273895  0.706304
   989.240000  0.000000  0.032272  0.152256  0.272240  0.695616
   991.510000  0.000000  0.031380  0.152887  0.274395  0.793132
   993.780000  0.000000  0.029887  0.149622  0.269357  0.724752
   996.050000  0.000000  0.030507  0.150789  0.271070  0.765535
   998.320000  0.000000  0.030481  0.153307  0.276134  0.730873
  1000.590000  0.000000  0.029489  0.151650  0.273812  0.815590
  1002.870000  0.000000  0.029266  0.148259  0.267252  0.774764
  1005.140000  0.000000  0.028525  0.151788  0.275051  0.744888
  1007.420000  0.000000  0.026971  0.151624  0.276276  0.755247
  1009.690000  0.000000  0.027198  0.148733  0.270269  0.810274
  1011.970000  0.000000  0.026450  0.148182  0.269915  0.756931
  1014.250000  0.000000  0.026406  0.151695  0.276984  0.735329
  1016.520000  0.000000  0.023256  0.145542  0.267829  0.697442
  1018.800000  0.000000  0.023121  0.146289  0.269457  0.817584
  1021.080000  0.000000  0.022853  0.146378  0.269903  0.667431
  1023.360000  0.000000  0.019590  0.144114  0.268638  0.665942
  1025.650000  0.000000  0.019902  0.145757  0.271612  0.785989
