ENVI ASCII Plot File [Sun Jul 30 11:28:02 2023]
Column 1: Wavelength
Column 2: Min: ROI #5~~2##255,0,0
Column 3: Mean-StdDev: ROI #5~~21##0,200,0
Column 4: Mean: ROI #5~~0##0,0,0
Column 5: Mean+StdDev: ROI #5~~21##0,200,0
Column 6: Max: ROI #5~~2##255,0,0
   381.170000  0.000000  0.069002  0.109148  0.149293  0.272697
   383.200000  0.000000  0.066534  0.104508  0.142481  0.251892
   385.230000  0.000000  0.071551  0.108203  0.144856  0.269896
   387.260000  0.000000  0.070054  0.103293  0.136533  0.267732
   389.290000  0.000000  0.069121  0.100850  0.132578  0.237544
   391.330000  0.009309  0.066239  0.096923  0.127608  0.233912
   393.360000  0.006530  0.055870  0.082505  0.109139  0.204293
   395.390000  0.008941  0.054581  0.081443  0.108304  0.212791
   397.430000  0.009472  0.046864  0.070735  0.094605  0.188295
   399.470000  0.012158  0.043902  0.068427  0.092953  0.199618
   401.500000  0.008280  0.039298  0.062763  0.086228  0.187486
   403.540000  0.011237  0.036094  0.058746  0.081398  0.202898
   405.580000  0.007890  0.033583  0.055971  0.078359  0.213761
   407.620000  0.007750  0.032103  0.054208  0.076312  0.217197
   409.660000  0.007077  0.030448  0.052525  0.074601  0.207121
   411.700000  0.009275  0.029138  0.051303  0.073469  0.220384
   413.740000  0.007399  0.027788  0.049766  0.071744  0.223837
   415.780000  0.007103  0.026765  0.048756  0.070747  0.231387
   417.830000  0.006707  0.025977  0.048104  0.070230  0.241076
   419.870000  0.007134  0.025656  0.048084  0.070513  0.267935
   421.920000  0.006007  0.025408  0.048283  0.071157  0.284952
   423.960000  0.006727  0.025134  0.048336  0.071537  0.278909
   426.010000  0.006569  0.025130  0.048890  0.072650  0.292354
   428.060000  0.005835  0.025014  0.049131  0.073248  0.298223
   430.110000  0.006376  0.024611  0.048742  0.072874  0.316330
   432.160000  0.006766  0.025368  0.050397  0.075427  0.314714
   434.210000  0.005802  0.024999  0.050413  0.075827  0.311102
   436.260000  0.006252  0.025123  0.050996  0.076870  0.322994
   438.310000  0.006478  0.024657  0.050685  0.076714  0.328417
   440.360000  0.006139  0.025009  0.051404  0.077799  0.311629
   442.420000  0.006403  0.025049  0.052042  0.079035  0.314983
   444.470000  0.006847  0.024958  0.052314  0.079670  0.328930
   446.530000  0.005211  0.025042  0.052730  0.080418  0.326762
   448.590000  0.005133  0.025362  0.053721  0.082079  0.312857
   450.640000  0.005961  0.025456  0.054290  0.083123  0.296745
   452.700000  0.005750  0.025470  0.054642  0.083815  0.287546
   454.760000  0.005593  0.025692  0.055285  0.084878  0.291622
   456.820000  0.006399  0.025815  0.055861  0.085907  0.278689
   458.880000  0.006114  0.025886  0.056211  0.086536  0.269540
   460.940000  0.005548  0.026017  0.056724  0.087432  0.266586
   463.000000  0.006460  0.026069  0.057150  0.088232  0.256605
   465.070000  0.006242  0.025983  0.057274  0.088565  0.255997
   467.130000  0.006815  0.026132  0.057748  0.089364  0.258947
   469.200000  0.006793  0.026205  0.058161  0.090118  0.257117
   471.260000  0.005615  0.026258  0.058527  0.090795  0.253744
   473.330000  0.005733  0.026471  0.059172  0.091873  0.247977
   475.400000  0.005720  0.026459  0.059386  0.092312  0.244147
   477.460000  0.005928  0.026492  0.059690  0.092888  0.241347
   479.530000  0.005346  0.026688  0.060310  0.093931  0.235274
   481.600000  0.006199  0.026766  0.060607  0.094447  0.231464
   483.670000  0.006306  0.026860  0.060999  0.095138  0.228635
   485.750000  0.005718  0.026751  0.061110  0.095470  0.237451
   487.820000  0.006152  0.026738  0.061386  0.096033  0.252999
   489.890000  0.005839  0.027267  0.062646  0.098024  0.237475
   491.970000  0.005690  0.027318  0.062644  0.097971  0.228376
   494.040000  0.005684  0.027373  0.062973  0.098574  0.229983
   496.120000  0.005571  0.027689  0.063667  0.099646  0.223301
   498.190000  0.006518  0.027778  0.063826  0.099875  0.221044
   500.270000  0.005391  0.027745  0.063963  0.100180  0.224213
   502.350000  0.006232  0.027767  0.064262  0.100757  0.229633
   504.430000  0.005336  0.028117  0.065097  0.102077  0.230624
   506.510000  0.005605  0.028364  0.065601  0.102839  0.227637
   508.590000  0.006445  0.028464  0.065795  0.103126  0.227387
   510.670000  0.005641  0.028748  0.066456  0.104163  0.231185
   512.750000  0.005895  0.028887  0.066852  0.104817  0.231751
   514.840000  0.005828  0.028898  0.067053  0.105208  0.235268
   516.920000  0.005771  0.029013  0.067590  0.106167  0.243107
   519.010000  0.006277  0.029022  0.067912  0.106802  0.256439
   521.090000  0.006869  0.029779  0.069328  0.108877  0.248936
   523.180000  0.006080  0.029920  0.069325  0.108730  0.238120
   525.270000  0.006119  0.030264  0.069870  0.109476  0.236330
   527.360000  0.005365  0.030150  0.069698  0.109247  0.238404
   529.450000  0.005900  0.030700  0.070925  0.111151  0.243961
   531.540000  0.005182  0.031156  0.071374  0.111593  0.233690
   533.630000  0.006060  0.031135  0.071391  0.111647  0.235965
   535.720000  0.006571  0.031599  0.072481  0.113362  0.238791
   537.810000  0.005626  0.031821  0.072708  0.113596  0.236283
   539.910000  0.005473  0.032023  0.073206  0.114390  0.239751
   542.000000  0.006695  0.032179  0.073600  0.115020  0.242758
   544.090000  0.005823  0.032811  0.074652  0.116493  0.241381
   546.190000  0.006926  0.033253  0.075279  0.117305  0.237748
   548.290000  0.005918  0.033577  0.075692  0.117807  0.236588
   550.390000  0.006867  0.033984  0.076369  0.118754  0.236470
   552.480000  0.006457  0.034288  0.076902  0.119516  0.239632
   554.580000  0.006761  0.034578  0.077739  0.120901  0.246461
   556.680000  0.007255  0.034967  0.078685  0.122403  0.252333
   558.790000  0.007321  0.035188  0.079480  0.123772  0.261230
   560.890000  0.006579  0.035717  0.080615  0.125512  0.268140
   562.990000  0.006908  0.036408  0.081842  0.127277  0.268097
   565.090000  0.007631  0.036856  0.082525  0.128195  0.268944
   567.200000  0.007380  0.037191  0.083247  0.129303  0.271931
   569.310000  0.007157  0.037695  0.084293  0.130891  0.274335
   571.410000  0.006929  0.037970  0.084931  0.131892  0.279013
   573.520000  0.006489  0.038625  0.086231  0.133837  0.280722
   575.630000  0.007245  0.039083  0.086925  0.134767  0.279382
   577.740000  0.006789  0.039510  0.087898  0.136286  0.285113
   579.850000  0.007142  0.039973  0.088767  0.137560  0.286483
   581.960000  0.006023  0.040623  0.089941  0.139259  0.286984
   584.070000  0.006711  0.041222  0.090753  0.140283  0.282098
   586.180000  0.007612  0.041392  0.091088  0.140785  0.282487
   588.290000  0.006666  0.041789  0.092077  0.142366  0.289440
   590.410000  0.007063  0.041708  0.092195  0.142681  0.295208
   592.520000  0.006987  0.042754  0.094271  0.145787  0.300115
   594.640000  0.007768  0.043049  0.094524  0.145998  0.294682
   596.750000  0.008576  0.043387  0.095210  0.147032  0.298241
   598.870000  0.007548  0.043753  0.095905  0.148058  0.299836
   600.990000  0.006724  0.043968  0.096468  0.148968  0.304081
   603.110000  0.007198  0.044220  0.097017  0.149814  0.308215
   605.230000  0.007217  0.044764  0.098029  0.151294  0.309026
   607.350000  0.006565  0.044975  0.098396  0.151817  0.310058
   609.470000  0.007762  0.045213  0.098983  0.152753  0.312595
   611.590000  0.007665  0.045541  0.099684  0.153827  0.316087
   613.720000  0.007530  0.045914  0.100426  0.154938  0.319505
   615.840000  0.007723  0.045943  0.100694  0.155445  0.323619
   617.970000  0.007978  0.046127  0.101018  0.155910  0.324709
   620.090000  0.005894  0.046612  0.101874  0.157137  0.323931
   622.220000  0.007319  0.046636  0.101995  0.157353  0.325675
   624.340000  0.006771  0.046622  0.102338  0.158055  0.334641
   626.470000  0.007151  0.046936  0.103056  0.159176  0.346166
   628.600000  0.007649  0.047344  0.103885  0.160427  0.351316
   630.730000  0.008191  0.047660  0.104433  0.161206  0.355068
   632.860000  0.006358  0.047943  0.105017  0.162091  0.357763
   635.000000  0.007294  0.048341  0.105651  0.162961  0.358685
   637.130000  0.007492  0.048532  0.105973  0.163414  0.357881
   639.260000  0.007824  0.048777  0.106459  0.164141  0.357482
   641.400000  0.006970  0.048528  0.106191  0.163854  0.360480
   643.530000  0.006873  0.048715  0.106777  0.164840  0.365909
   645.670000  0.007145  0.048763  0.107129  0.165494  0.366323
   647.800000  0.007254  0.048669  0.107156  0.165643  0.370359
   649.940000  0.007186  0.048627  0.107361  0.166095  0.377642
   652.080000  0.007183  0.048664  0.107812  0.166961  0.384306
   654.220000  0.007100  0.048835  0.108387  0.167939  0.388969
   656.360000  0.006953  0.048110  0.107235  0.166360  0.399818
   658.500000  0.007033  0.048542  0.108088  0.167634  0.420939
   660.640000  0.007445  0.049028  0.109343  0.169657  0.406856
   662.780000  0.006867  0.048441  0.108589  0.168738  0.401624
   664.930000  0.007668  0.048273  0.108413  0.168552  0.404004
   667.070000  0.007383  0.048143  0.108614  0.169085  0.408447
   669.220000  0.007670  0.048003  0.108777  0.169552  0.413829
   671.360000  0.008143  0.047915  0.108822  0.169728  0.417307
   673.510000  0.007369  0.048028  0.108997  0.169965  0.423233
   675.660000  0.008081  0.048152  0.109304  0.170456  0.424752
   677.810000  0.007642  0.048276  0.109642  0.171008  0.427886
   679.960000  0.007392  0.048463  0.109953  0.171444  0.429258
   682.110000  0.006718  0.048830  0.110390  0.171951  0.433074
   684.260000  0.007265  0.049333  0.111284  0.173236  0.442268
   686.410000  0.007187  0.049816  0.111616  0.173416  0.464035
   688.560000  0.008388  0.050323  0.110973  0.171622  0.507482
   690.720000  0.006666  0.053484  0.115641  0.177797  0.526680
   692.870000  0.008341  0.055267  0.117684  0.180101  0.504610
   695.030000  0.008473  0.057033  0.119483  0.181933  0.491514
   697.180000  0.008323  0.059062  0.121519  0.183976  0.490827
   699.340000  0.009274  0.060772  0.123381  0.185990  0.493989
   701.500000  0.007952  0.062583  0.125154  0.187725  0.503036
   703.660000  0.007837  0.064286  0.127080  0.189874  0.515182
   705.820000  0.009439  0.066006  0.129355  0.192703  0.516283
   707.980000  0.009228  0.067238  0.130736  0.194235  0.520554
   710.140000  0.009908  0.068465  0.132031  0.195596  0.531273
   712.300000  0.009113  0.069772  0.133727  0.197681  0.544374
   714.460000  0.009784  0.070941  0.135200  0.199460  0.561836
   716.630000  0.010119  0.071921  0.136443  0.200964  0.584571
   718.790000  0.009159  0.072179  0.136360  0.200540  0.603978
   720.960000  0.009263  0.073930  0.138639  0.203349  0.622800
   723.130000  0.009588  0.075864  0.141640  0.207415  0.607755
   725.290000  0.011093  0.076068  0.141736  0.207404  0.607540
   727.460000  0.009921  0.077010  0.142997  0.208984  0.614450
   729.630000  0.009230  0.077020  0.142919  0.208817  0.607394
   731.800000  0.009929  0.078110  0.144110  0.210110  0.614193
   733.970000  0.008740  0.078983  0.145499  0.212015  0.611137
   736.140000  0.011281  0.079554  0.146134  0.212714  0.616584
   738.310000  0.009508  0.079926  0.146667  0.213407  0.615565
   740.490000  0.010696  0.080625  0.147687  0.214749  0.615377
   742.660000  0.009482  0.081279  0.148482  0.215686  0.618885
   744.840000  0.010683  0.082081  0.149524  0.216967  0.621146
   747.010000  0.010813  0.082506  0.150141  0.217775  0.608411
   749.190000  0.009224  0.082843  0.150549  0.218254  0.605821
   751.370000  0.007513  0.083165  0.150754  0.218343  0.610661
   753.540000  0.011404  0.083723  0.151585  0.219447  0.620700
   755.720000  0.010218  0.084327  0.152442  0.220556  0.613670
   757.900000  0.010352  0.085177  0.154177  0.223176  0.644203
   760.080000  0.009616  0.080956  0.147347  0.213739  0.620435
   762.270000  0.007252  0.078449  0.138804  0.199160  0.546467
   764.450000  0.010719  0.089095  0.155784  0.222473  0.611799
   766.630000  0.012075  0.090039  0.158337  0.226636  0.606782
   768.820000  0.008293  0.089341  0.158585  0.227829  0.625775
   771.000000  0.009926  0.088148  0.156527  0.224906  0.602118
   773.190000  0.011581  0.087760  0.155923  0.224086  0.606277
   775.370000  0.011508  0.087852  0.156084  0.224315  0.609250
   777.560000  0.009582  0.088319  0.156653  0.224988  0.619008
   779.750000  0.008361  0.088717  0.156974  0.225230  0.610190
   781.940000  0.010113  0.089187  0.157459  0.225732  0.607585
   784.130000  0.011380  0.089543  0.157724  0.225905  0.613435
   786.320000  0.011855  0.090008  0.158467  0.226927  0.619306
   788.510000  0.007035  0.090372  0.158652  0.226931  0.598989
   790.700000  0.008974  0.090563  0.159081  0.227599  0.587965
   792.900000  0.011928  0.090950  0.159381  0.227811  0.606556
   795.090000  0.012373  0.091397  0.159709  0.228021  0.593445
   797.290000  0.010695  0.092265  0.160806  0.229346  0.598347
   799.480000  0.010823  0.092375  0.160983  0.229591  0.601458
   801.680000  0.012699  0.092758  0.161241  0.229725  0.590653
   803.880000  0.009768  0.093189  0.161880  0.230571  0.599408
   806.080000  0.011717  0.093712  0.162293  0.230874  0.587095
   808.280000  0.010616  0.093961  0.162716  0.231470  0.606174
   810.480000  0.012701  0.094386  0.163139  0.231891  0.600351
   812.680000  0.007893  0.095006  0.163844  0.232681  0.589185
   814.880000  0.008677  0.094699  0.163372  0.232045  0.574823
   817.080000  0.010123  0.095097  0.163539  0.231981  0.614236
   819.290000  0.011414  0.095632  0.164054  0.232477  0.568853
   821.490000  0.009319  0.096734  0.165597  0.234460  0.587118
   823.700000  0.010352  0.096231  0.164602  0.232974  0.589544
   825.900000  0.003657  0.097709  0.166963  0.236216  0.590899
   828.110000  0.014616  0.096977  0.166009  0.235041  0.584357
   830.320000  0.010830  0.097691  0.166404  0.235118  0.582720
   832.530000  0.009605  0.098319  0.167272  0.236226  0.578889
   834.740000  0.008833  0.098758  0.167816  0.236874  0.578945
   836.950000  0.003943  0.099153  0.168484  0.237815  0.574460
   839.160000  0.009484  0.099370  0.168544  0.237718  0.589920
   841.370000  0.011382  0.099565  0.168665  0.237766  0.594395
   843.580000  0.008453  0.099732  0.168944  0.238157  0.560243
   845.800000  0.012689  0.100830  0.170129  0.239429  0.589976
   848.010000  0.006245  0.100202  0.169487  0.238772  0.591267
   850.230000  0.007773  0.100349  0.169342  0.238335  0.560875
   852.440000  0.008277  0.101152  0.170297  0.239442  0.571555
   854.660000  0.005954  0.100466  0.169012  0.237559  0.567691
   856.880000  0.009030  0.102496  0.171697  0.240898  0.579818
   859.100000  0.011562  0.102491  0.172325  0.242159  0.582738
   861.320000  0.008321  0.102313  0.171704  0.241096  0.590892
   863.540000  0.003611  0.103032  0.172758  0.242484  0.572355
   865.760000  0.007606  0.102320  0.171647  0.240975  0.582965
   867.980000  0.006488  0.103282  0.171901  0.240520  0.565555
   870.200000  0.007361  0.104869  0.174750  0.244630  0.578867
   872.430000  0.004958  0.104508  0.174214  0.243920  0.581911
   874.650000  0.005102  0.104874  0.174257  0.243639  0.619492
   876.880000  0.009736  0.104954  0.174538  0.244122  0.559372
   879.110000  0.005575  0.105516  0.175517  0.245518  0.576305
   881.330000  0.004745  0.105377  0.175205  0.245034  0.616061
   883.560000  0.007881  0.106144  0.176031  0.245918  0.570946
   885.790000  0.003044  0.106094  0.175911  0.245729  0.571624
   888.020000  0.006316  0.106748  0.176365  0.245982  0.591296
   890.250000  0.005458  0.107161  0.177153  0.247144  0.563746
   892.480000  0.001107  0.106992  0.176531  0.246069  0.593552
   894.710000  0.005876  0.107036  0.177215  0.247394  0.621437
   896.950000  0.000000  0.107344  0.176769  0.246193  0.579777
   899.180000  0.000000  0.107137  0.176128  0.245119  0.558362
   901.420000  0.000000  0.108081  0.176986  0.245891  0.544857
   903.650000  0.000000  0.109199  0.178757  0.248314  0.579386
   905.890000  0.007546  0.109419  0.179678  0.249937  0.556736
   908.130000  0.004814  0.108940  0.178373  0.247806  0.566918
   910.370000  0.001676  0.109257  0.179002  0.248747  0.597875
   912.600000  0.000000  0.109826  0.179464  0.249102  0.569700
   914.840000  0.000000  0.110199  0.179883  0.249567  0.571585
   917.090000  0.001895  0.109479  0.178371  0.247263  0.561797
   919.330000  0.005849  0.110618  0.180040  0.249462  0.560578
   921.570000  0.000000  0.112216  0.182459  0.252703  0.643947
   923.810000  0.000000  0.110626  0.180087  0.249549  0.548378
   926.060000  0.000000  0.111475  0.180968  0.250460  0.544944
   928.300000  0.000000  0.112044  0.182659  0.253274  0.624596
   930.550000  0.002456  0.111013  0.180508  0.250002  0.586980
   932.800000  0.000000  0.106532  0.174383  0.242235  0.650536
   935.040000  0.000000  0.109347  0.177343  0.245340  0.547715
   937.290000  0.000000  0.111071  0.180810  0.250548  0.558535
   939.540000  0.000000  0.111494  0.181959  0.252424  0.613763
   941.790000  0.000000  0.110928  0.181158  0.251388  0.529715
   944.040000  0.000000  0.109516  0.179713  0.249910  0.581606
   946.290000  0.000000  0.110015  0.180335  0.250655  0.558576
   948.550000  0.000000  0.107580  0.178423  0.249267  0.506920
   950.800000  0.000000  0.110660  0.181381  0.252102  0.589695
   953.060000  0.000000  0.111623  0.182703  0.253783  0.565923
   955.310000  0.000000  0.110312  0.181694  0.253077  0.515255
   957.570000  0.000000  0.111543  0.182815  0.254086  0.511260
   959.820000  0.000000  0.110045  0.181656  0.253267  0.573387
   962.080000  0.000000  0.111349  0.183521  0.255693  0.591535
   964.340000  0.000000  0.109472  0.182129  0.254786  0.544773
   966.600000  0.000000  0.110738  0.182712  0.254685  0.579647
   968.860000  0.000000  0.110860  0.184768  0.258676  0.563886
   971.120000  0.000000  0.111424  0.184586  0.257747  0.518920
   973.380000  0.000000  0.107788  0.181192  0.254595  0.536798
   975.650000  0.000000  0.108058  0.181988  0.255918  0.582985
   977.910000  0.000000  0.107130  0.180674  0.254218  0.619067
   980.180000  0.000000  0.105979  0.179224  0.252469  0.518009
   982.440000  0.000000  0.109290  0.184357  0.259424  0.551662
   984.710000  0.000000  0.105343  0.180332  0.255320  0.541500
   986.970000  0.000000  0.106036  0.182195  0.258353  0.538724
   989.240000  0.000000  0.103888  0.180082  0.256276  0.568767
   991.510000  0.000000  0.105138  0.181133  0.257127  0.534964
   993.780000  0.000000  0.103567  0.181136  0.258706  0.527192
   996.050000  0.000000  0.103197  0.181835  0.260473  0.574733
   998.320000  0.000000  0.103929  0.184325  0.264721  0.633179
  1000.590000  0.000000  0.100936  0.182069  0.263202  0.542861
  1002.870000  0.000000  0.096193  0.176084  0.255974  0.538227
  1005.140000  0.000000  0.096514  0.181141  0.265768  0.589405
  1007.420000  0.000000  0.096597  0.182921  0.269246  0.594692
  1009.690000  0.000000  0.094945  0.178820  0.262695  0.599092
  1011.970000  0.000000  0.092105  0.175981  0.259856  0.625517
  1014.250000  0.000000  0.092994  0.181876  0.270758  0.616114
  1016.520000  0.000000  0.089305  0.177499  0.265693  0.596753
  1018.800000  0.000000  0.082694  0.171868  0.261043  0.531861
  1021.080000  0.000000  0.084587  0.176807  0.269026  0.627690
  1023.360000  0.000000  0.080950  0.174450  0.267950  0.637702
  1025.650000  0.000000  0.075066  0.170843  0.266619  0.610518
