ENVI ASCII Plot File [Sun Jul 30 11:25:21 2023]
Column 1: Wavelength
Column 2: Min: ROI #5~~2##255,0,0
Column 3: Mean-StdDev: ROI #5~~21##0,200,0
Column 4: Mean: ROI #5~~0##0,0,0
Column 5: Mean+StdDev: ROI #5~~21##0,200,0
Column 6: Max: ROI #5~~2##255,0,0
   381.170000  0.000000  0.040019  0.108195  0.176371  0.325709
   383.200000  0.000000  0.039610  0.104957  0.170305  0.345122
   385.230000  0.000000  0.042301  0.108318  0.174334  0.301943
   387.260000  0.000000  0.042510  0.105904  0.169298  0.292011
   389.290000  0.000000  0.041973  0.103084  0.164196  0.338208
   391.330000  0.000000  0.039293  0.097656  0.156019  0.330579
   393.360000  0.000000  0.034368  0.085641  0.136915  0.324630
   395.390000  0.000000  0.032604  0.082057  0.131511  0.356639
   397.430000  0.000000  0.029339  0.073619  0.117899  0.349155
   399.470000  0.000000  0.026752  0.069426  0.112099  0.390725
   401.500000  0.000000  0.024334  0.064122  0.103909  0.389092
   403.540000  0.000000  0.022253  0.059864  0.097476  0.396366
   405.580000  0.000000  0.020798  0.056943  0.093089  0.376163
   407.620000  0.000000  0.019865  0.054886  0.089906  0.366287
   409.660000  0.000000  0.018823  0.052912  0.087001  0.378208
   411.700000  0.000000  0.017987  0.051338  0.084689  0.370303
   413.740000  0.000000  0.017171  0.049657  0.082142  0.356246
   415.780000  0.000000  0.016688  0.048722  0.080756  0.341578
   417.830000  0.000000  0.016183  0.047945  0.079706  0.346366
   419.870000  0.000000  0.015961  0.047633  0.079305  0.342484
   421.920000  0.000000  0.015720  0.047602  0.079484  0.338100
   423.960000  0.000000  0.015686  0.047775  0.079863  0.345033
   426.010000  0.000000  0.015605  0.048008  0.080412  0.339325
   428.060000  0.000000  0.015382  0.048097  0.080812  0.340618
   430.110000  0.000000  0.015517  0.048300  0.081083  0.334476
   432.160000  0.000000  0.015779  0.049121  0.082463  0.341573
   434.210000  0.000000  0.015424  0.049026  0.082628  0.339328
   436.260000  0.000000  0.015400  0.049375  0.083351  0.348327
   438.310000  0.000000  0.015315  0.049458  0.083601  0.341923
   440.360000  0.000000  0.015536  0.050064  0.084593  0.348951
   442.420000  0.000000  0.015449  0.050454  0.085458  0.350255
   444.470000  0.000000  0.015458  0.050919  0.086381  0.346789
   446.530000  0.000000  0.015664  0.051550  0.087435  0.352346
   448.590000  0.000000  0.015728  0.052160  0.088593  0.346400
   450.640000  0.000000  0.015776  0.052710  0.089644  0.351915
   452.700000  0.000000  0.015874  0.053320  0.090766  0.350925
   454.760000  0.000000  0.016148  0.054090  0.092033  0.356314
   456.820000  0.000000  0.016166  0.054523  0.092881  0.356128
   458.880000  0.000000  0.016248  0.055036  0.093824  0.352253
   460.940000  0.000000  0.016368  0.055488  0.094609  0.351239
   463.000000  0.000000  0.016321  0.055848  0.095376  0.339899
   465.070000  0.000000  0.016410  0.056166  0.095922  0.338329
   467.130000  0.000000  0.016509  0.056569  0.096629  0.341565
   469.200000  0.000000  0.016566  0.056967  0.097368  0.339901
   471.260000  0.000000  0.016735  0.057448  0.098161  0.334560
   473.330000  0.000000  0.016867  0.057948  0.099028  0.328538
   475.400000  0.000000  0.016983  0.058316  0.099649  0.319777
   477.460000  0.000000  0.017087  0.058626  0.100165  0.313914
   479.530000  0.000000  0.017228  0.059115  0.101002  0.307295
   481.600000  0.000000  0.017378  0.059437  0.101497  0.300849
   483.670000  0.000000  0.017362  0.059684  0.102005  0.298487
   485.750000  0.000000  0.017513  0.060221  0.102929  0.309884
   487.820000  0.000000  0.017654  0.060807  0.103961  0.330960
   489.890000  0.000000  0.017757  0.061331  0.104905  0.310945
   491.970000  0.000000  0.017940  0.061694  0.105448  0.298566
   494.040000  0.000000  0.018152  0.062225  0.106299  0.300498
   496.120000  0.000000  0.018350  0.062833  0.107316  0.291999
   498.190000  0.000000  0.018390  0.063074  0.107757  0.289082
   500.270000  0.000000  0.018381  0.063229  0.108077  0.293159
   502.350000  0.000000  0.018499  0.063668  0.108836  0.298945
   504.430000  0.000000  0.018679  0.064403  0.110127  0.301478
   506.510000  0.000000  0.018850  0.064836  0.110823  0.298042
   508.590000  0.000000  0.019014  0.065322  0.111630  0.297534
   510.670000  0.000000  0.019123  0.065794  0.112464  0.304751
   512.750000  0.000000  0.019221  0.066146  0.113072  0.305516
   514.840000  0.000000  0.019261  0.066428  0.113596  0.305443
   516.920000  0.000000  0.019451  0.067118  0.114785  0.317381
   519.010000  0.000000  0.019613  0.067704  0.115794  0.336737
   521.090000  0.000000  0.019943  0.068760  0.117577  0.324674
   523.180000  0.000000  0.020130  0.069027  0.117925  0.315031
   525.270000  0.000000  0.020275  0.069532  0.118790  0.324410
   527.360000  0.000000  0.020419  0.069899  0.119380  0.317064
   529.450000  0.000000  0.020688  0.070841  0.120994  0.317611
   531.540000  0.000000  0.020952  0.071489  0.122026  0.324775
   533.630000  0.000000  0.021131  0.072010  0.122889  0.323515
   535.720000  0.000000  0.021380  0.073010  0.124640  0.320454
   537.810000  0.000000  0.021587  0.073635  0.125683  0.322847
   539.910000  0.000000  0.021809  0.074470  0.127132  0.323591
   542.000000  0.000000  0.022079  0.075355  0.128631  0.323443
   544.090000  0.000000  0.022569  0.076776  0.130984  0.329290
   546.190000  0.000000  0.022936  0.077954  0.132971  0.334575
   548.290000  0.000000  0.023179  0.078957  0.134736  0.331012
   550.390000  0.000000  0.023419  0.080031  0.136644  0.336333
   552.480000  0.000000  0.023671  0.081114  0.138558  0.331076
   554.580000  0.000000  0.023915  0.082442  0.140969  0.335677
   556.680000  0.000000  0.024280  0.084044  0.143809  0.333355
   558.790000  0.000000  0.024641  0.085620  0.146599  0.341757
   560.890000  0.000000  0.025108  0.087588  0.150069  0.350918
   562.990000  0.000000  0.025550  0.089571  0.153592  0.350094
   565.090000  0.000000  0.025917  0.091299  0.156681  0.353952
   567.200000  0.000000  0.026226  0.092947  0.159669  0.354183
   569.310000  0.000000  0.026534  0.094855  0.163177  0.358312
   571.410000  0.000000  0.026876  0.096627  0.166378  0.365053
   573.520000  0.000000  0.027201  0.098794  0.170386  0.368877
   575.630000  0.000000  0.027475  0.100571  0.173667  0.365322
   577.740000  0.000000  0.027770  0.102415  0.177060  0.372253
   579.850000  0.000000  0.028057  0.104338  0.180618  0.375773
   581.960000  0.000000  0.028380  0.106283  0.184186  0.374837
   584.070000  0.000000  0.028654  0.108081  0.187508  0.372799
   586.180000  0.000000  0.028713  0.109300  0.189887  0.369372
   588.290000  0.000000  0.028945  0.110986  0.193027  0.378360
   590.410000  0.000000  0.028952  0.111964  0.194976  0.389571
   592.520000  0.000000  0.029465  0.114667  0.199869  0.394511
   594.640000  0.000000  0.029571  0.115644  0.201716  0.387579
   596.750000  0.000000  0.029746  0.116976  0.204205  0.389750
   598.870000  0.000000  0.029943  0.118211  0.206479  0.392434
   600.990000  0.000000  0.029982  0.119106  0.208230  0.397179
   603.110000  0.000000  0.030078  0.120045  0.210012  0.402039
   605.230000  0.000000  0.030268  0.121281  0.212293  0.402771
   607.350000  0.000000  0.030359  0.122116  0.213874  0.404335
   609.470000  0.000000  0.030559  0.123237  0.215914  0.408463
   611.590000  0.000000  0.030775  0.124219  0.217664  0.414628
   613.720000  0.000000  0.031032  0.125531  0.220029  0.419493
   615.840000  0.000000  0.031047  0.126148  0.221250  0.423623
   617.970000  0.000000  0.031021  0.126429  0.221836  0.424105
   620.090000  0.000000  0.031216  0.127503  0.223789  0.423386
   622.220000  0.000000  0.031136  0.127534  0.223932  0.426161
   624.340000  0.000000  0.031176  0.127859  0.224543  0.437687
   626.470000  0.000000  0.031334  0.128820  0.226305  0.450852
   628.600000  0.000000  0.031587  0.129658  0.227730  0.457887
   630.730000  0.000000  0.031693  0.130255  0.228816  0.464189
   632.860000  0.000000  0.031894  0.131072  0.230251  0.468794
   635.000000  0.000000  0.032129  0.131832  0.231536  0.468397
   637.130000  0.000000  0.032178  0.132230  0.232283  0.467881
   639.260000  0.000000  0.032246  0.132722  0.233197  0.467200
   641.400000  0.000000  0.032142  0.132471  0.232800  0.470037
   643.530000  0.000000  0.032281  0.133307  0.234333  0.478902
   645.670000  0.000000  0.032355  0.133904  0.235452  0.481311
   647.800000  0.000000  0.032368  0.134320  0.236271  0.487430
   649.940000  0.000000  0.032395  0.134885  0.237374  0.492963
   652.080000  0.000000  0.032524  0.135457  0.238391  0.501130
   654.220000  0.000000  0.032591  0.136182  0.239774  0.510348
   656.360000  0.000000  0.032293  0.135285  0.238276  0.524817
   658.500000  0.000000  0.032486  0.136106  0.239725  0.551538
   660.640000  0.000000  0.032998  0.137953  0.242909  0.534040
   662.780000  0.000000  0.032676  0.137397  0.242119  0.526518
   664.930000  0.000000  0.032553  0.137460  0.242366  0.530085
   667.070000  0.000000  0.032743  0.138150  0.243556  0.538368
   669.220000  0.000000  0.032850  0.138873  0.244896  0.543835
   671.360000  0.000000  0.032828  0.139086  0.245345  0.548280
   673.510000  0.000000  0.032958  0.139627  0.246296  0.553212
   675.660000  0.000000  0.033091  0.140281  0.247471  0.554555
   677.810000  0.000000  0.033202  0.140750  0.248299  0.559886
   679.960000  0.000000  0.033338  0.141330  0.249322  0.562230
   682.110000  0.000000  0.033479  0.141687  0.249894  0.564387
   684.260000  0.000000  0.033535  0.142341  0.251146  0.576543
   686.410000  0.000000  0.033725  0.142413  0.251102  0.606748
   688.560000  0.000000  0.033595  0.140805  0.248014  0.663521
   690.720000  0.000000  0.035452  0.145340  0.255228  0.692424
   692.870000  0.000000  0.036197  0.147057  0.257917  0.661792
   695.030000  0.000000  0.036814  0.147709  0.258603  0.642864
   697.180000  0.000000  0.037614  0.149009  0.260403  0.643093
   699.340000  0.000000  0.038336  0.149974  0.261611  0.647758
   701.500000  0.000000  0.039179  0.150991  0.262804  0.658656
   703.660000  0.000000  0.040147  0.152608  0.265068  0.658781
   705.820000  0.000000  0.041101  0.154140  0.267178  0.675916
   707.980000  0.000000  0.041622  0.154929  0.268235  0.683246
   710.140000  0.000000  0.042365  0.156055  0.269746  0.671348
   712.300000  0.000000  0.043015  0.157282  0.271548  0.684962
   714.460000  0.000000  0.043618  0.158293  0.272968  0.676135
   716.630000  0.000000  0.044066  0.159256  0.274447  0.670281
   718.790000  0.000000  0.044256  0.158837  0.273418  0.679928
   720.960000  0.000000  0.045747  0.161442  0.277137  0.684631
   723.130000  0.000000  0.047688  0.165941  0.284194  0.663986
   725.290000  0.000000  0.047870  0.166375  0.284880  0.682450
   727.460000  0.000000  0.048216  0.167446  0.286677  0.687297
   729.630000  0.000000  0.047913  0.166583  0.285254  0.678469
   731.800000  0.000000  0.048546  0.167702  0.286858  0.694527
   733.970000  0.000000  0.049211  0.169319  0.289427  0.702767
   736.140000  0.000000  0.049495  0.169910  0.290325  0.659916
   738.310000  0.000000  0.049782  0.170369  0.290956  0.679911
   740.490000  0.000000  0.050126  0.171448  0.292771  0.660210
   742.660000  0.000000  0.050617  0.172352  0.294087  0.662309
   744.840000  0.000000  0.051041  0.173401  0.295761  0.668217
   747.010000  0.000000  0.051391  0.174351  0.297311  0.657704
   749.190000  0.000000  0.051424  0.174620  0.297815  0.670074
   751.370000  0.000000  0.051655  0.174749  0.297843  0.673705
   753.540000  0.000000  0.051992  0.175720  0.299449  0.679762
   755.720000  0.000000  0.052192  0.176344  0.300497  0.664805
   757.900000  0.000000  0.051784  0.176811  0.301838  0.659971
   760.080000  0.000000  0.048625  0.168743  0.288862  0.658677
   762.270000  0.000000  0.047036  0.160207  0.273379  0.648681
   764.450000  0.000000  0.056712  0.183111  0.309509  0.645864
   766.630000  0.000000  0.057043  0.185241  0.313440  0.666238
   768.820000  0.000000  0.055998  0.184199  0.312400  0.651698
   771.000000  0.000000  0.054390  0.180791  0.307191  0.650075
   773.190000  0.000000  0.054020  0.179930  0.305840  0.680326
   775.370000  0.000000  0.054220  0.180167  0.306113  0.653939
   777.560000  0.000000  0.054368  0.180669  0.306971  0.671832
   779.750000  0.000000  0.054531  0.180793  0.307056  0.664950
   781.940000  0.000000  0.054775  0.181195  0.307616  0.667002
   784.130000  0.000000  0.054739  0.181077  0.307415  0.680297
   786.320000  0.000000  0.055216  0.182036  0.308855  0.672109
   788.510000  0.000000  0.055250  0.182005  0.308760  0.663837
   790.700000  0.000000  0.055471  0.182295  0.309119  0.656648
   792.900000  0.000000  0.055660  0.182533  0.309407  0.666196
   795.090000  0.000000  0.055883  0.182893  0.309902  0.671483
   797.290000  0.000000  0.056353  0.183850  0.311348  0.639224
   799.480000  0.000000  0.056414  0.184051  0.311689  0.658187
   801.680000  0.000000  0.056582  0.184304  0.312027  0.645629
   803.880000  0.000000  0.056677  0.184616  0.312556  0.664508
   806.080000  0.000000  0.057002  0.185330  0.313658  0.661685
   808.280000  0.000000  0.057254  0.185546  0.313838  0.646747
   810.480000  0.000000  0.057246  0.185510  0.313775  0.647063
   812.680000  0.000000  0.057568  0.186066  0.314563  0.653143
   814.880000  0.000000  0.057289  0.185190  0.313091  0.643797
   817.080000  0.000000  0.057371  0.185001  0.312631  0.666188
   819.290000  0.000000  0.057891  0.185894  0.313897  0.659629
   821.490000  0.000000  0.058529  0.187165  0.315802  0.659773
   823.700000  0.000000  0.058065  0.186137  0.314208  0.631070
   825.900000  0.000000  0.059163  0.188529  0.317894  0.638435
   828.110000  0.000000  0.058491  0.187072  0.315654  0.636746
   830.320000  0.000000  0.058823  0.187315  0.315807  0.612023
   832.530000  0.000000  0.059117  0.188286  0.317455  0.640568
   834.740000  0.000000  0.059268  0.188254  0.317240  0.638251
   836.950000  0.000000  0.059710  0.189201  0.318693  0.629382
   839.160000  0.000000  0.059554  0.188901  0.318249  0.636954
   841.370000  0.000000  0.059715  0.188936  0.318156  0.628098
   843.580000  0.000000  0.059775  0.188977  0.318179  0.624887
   845.800000  0.000000  0.060022  0.189847  0.319671  0.648801
   848.010000  0.000000  0.059919  0.189319  0.318719  0.629629
   850.230000  0.000000  0.059826  0.188729  0.317632  0.626126
   852.440000  0.000000  0.060262  0.189646  0.319031  0.641414
   854.660000  0.000000  0.059984  0.188370  0.316756  0.636159
   856.880000  0.000000  0.061586  0.191662  0.321737  0.621612
   859.100000  0.000000  0.061353  0.191388  0.321423  0.624189
   861.320000  0.000000  0.060905  0.190639  0.320373  0.635270
   863.540000  0.000000  0.060996  0.191098  0.321200  0.623085
   865.760000  0.000000  0.060868  0.190021  0.319174  0.591463
   867.980000  0.000000  0.061304  0.190258  0.319211  0.637601
   870.200000  0.000000  0.062281  0.193037  0.323794  0.626376
   872.430000  0.000000  0.061731  0.191798  0.321865  0.595350
   874.650000  0.000000  0.061916  0.192340  0.322764  0.599323
   876.880000  0.000000  0.062221  0.192973  0.323726  0.607024
   879.110000  0.000000  0.062516  0.193508  0.324500  0.614115
   881.330000  0.000000  0.062502  0.193093  0.323683  0.621475
   883.560000  0.000000  0.062614  0.193294  0.323974  0.606561
   885.790000  0.000000  0.062605  0.193087  0.323569  0.619726
   888.020000  0.000000  0.062934  0.193660  0.324386  0.632261
   890.250000  0.000000  0.062971  0.193769  0.324568  0.635862
   892.480000  0.000000  0.062755  0.193197  0.323640  0.610037
   894.710000  0.000000  0.062755  0.193445  0.324134  0.626808
   896.950000  0.000000  0.062751  0.193002  0.323253  0.604753
   899.180000  0.000000  0.063300  0.193153  0.323007  0.602238
   901.420000  0.000000  0.063757  0.193836  0.323916  0.597143
   903.650000  0.000000  0.064380  0.195386  0.326393  0.613213
   905.890000  0.000000  0.064309  0.196226  0.328143  0.619011
   908.130000  0.000000  0.063880  0.194362  0.324844  0.603824
   910.370000  0.000000  0.064326  0.195701  0.327077  0.617544
   912.600000  0.000000  0.064633  0.196031  0.327429  0.593864
   914.840000  0.000000  0.064719  0.195701  0.326684  0.630629
   917.090000  0.000000  0.064468  0.195028  0.325588  0.586352
   919.330000  0.000000  0.064539  0.195387  0.326234  0.606649
   921.570000  0.000000  0.065426  0.197796  0.330167  0.601835
   923.810000  0.000000  0.064736  0.195320  0.325904  0.566724
   926.060000  0.000000  0.064518  0.195756  0.326994  0.584319
   928.300000  0.000000  0.064499  0.195481  0.326463  0.604384
   930.550000  0.000000  0.063712  0.193482  0.323252  0.603934
   932.800000  0.000000  0.063155  0.190195  0.317234  0.619532
   935.040000  0.000000  0.063617  0.190082  0.316548  0.600779
   937.290000  0.000000  0.066625  0.197621  0.328618  0.611653
   939.540000  0.000000  0.065794  0.196782  0.327769  0.586192
   941.790000  0.000000  0.065041  0.196185  0.327330  0.551443
   944.040000  0.000000  0.064770  0.195278  0.325785  0.607763
   946.290000  0.000000  0.064226  0.194061  0.323895  0.612488
   948.550000  0.000000  0.063828  0.193249  0.322670  0.556484
   950.800000  0.000000  0.064432  0.193737  0.323042  0.628279
   953.060000  0.000000  0.064810  0.194918  0.325026  0.587492
   955.310000  0.000000  0.063844  0.194183  0.324522  0.585904
   957.570000  0.000000  0.065010  0.196602  0.328193  0.627896
   959.820000  0.000000  0.065533  0.197155  0.328777  0.608925
   962.080000  0.000000  0.064731  0.197163  0.329595  0.603373
   964.340000  0.000000  0.064121  0.196251  0.328380  0.609622
   966.600000  0.000000  0.065202  0.197308  0.329415  0.627289
   968.860000  0.000000  0.065503  0.199518  0.333533  0.589803
   971.120000  0.000000  0.064051  0.196150  0.328249  0.601632
   973.380000  0.000000  0.063421  0.196151  0.328880  0.659484
   975.650000  0.000000  0.064536  0.197822  0.331108  0.592876
   977.910000  0.000000  0.063644  0.195330  0.327016  0.625519
   980.180000  0.000000  0.063439  0.194716  0.325993  0.598010
   982.440000  0.000000  0.064162  0.197824  0.331486  0.718720
   984.710000  0.000000  0.062571  0.193271  0.323971  0.588201
   986.970000  0.000000  0.063110  0.195353  0.327595  0.610473
   989.240000  0.000000  0.061915  0.194727  0.327538  0.584527
   991.510000  0.000000  0.062631  0.195948  0.329264  0.634340
   993.780000  0.000000  0.059896  0.192527  0.325158  0.635566
   996.050000  0.000000  0.061725  0.194485  0.327245  0.617217
   998.320000  0.000000  0.062028  0.197756  0.333484  0.647373
  1000.590000  0.000000  0.059096  0.192144  0.325192  0.628806
  1002.870000  0.000000  0.057021  0.188584  0.320148  0.626111
  1005.140000  0.000000  0.058187  0.194433  0.330678  0.640368
  1007.420000  0.000000  0.057903  0.194581  0.331260  0.643627
  1009.690000  0.000000  0.053488  0.186896  0.320303  0.634289
  1011.970000  0.000000  0.055983  0.189192  0.322400  0.657205
  1014.250000  0.000000  0.053030  0.189547  0.326064  0.644304
  1016.520000  0.000000  0.052941  0.189291  0.325642  0.659986
  1018.800000  0.000000  0.050144  0.183965  0.317787  0.629610
  1021.080000  0.000000  0.050844  0.187063  0.323281  0.689839
  1023.360000  0.000000  0.046290  0.181533  0.316775  0.637246
  1025.650000  0.000000  0.045406  0.183204  0.321002  0.717822
