ENVI ASCII Plot File [Sun Jul 30 11:26:59 2023]
Column 1: Wavelength
Column 2: Min: ROI #5~~2##255,0,0
Column 3: Mean-StdDev: ROI #5~~21##0,200,0
Column 4: Mean: ROI #5~~0##0,0,0
Column 5: Mean+StdDev: ROI #5~~21##0,200,0
Column 6: Max: ROI #5~~2##255,0,0
   381.170000  0.000000  0.018312  0.090353  0.162394  0.331998
   383.200000  0.000000  0.018636  0.087180  0.155723  0.326733
   385.230000  0.000000  0.021067  0.092482  0.163897  0.305032
   387.260000  0.000000  0.021069  0.088641  0.156214  0.283364
   389.290000  0.000000  0.021267  0.087724  0.154181  0.297999
   391.330000  0.000000  0.019971  0.081783  0.143595  0.298357
   393.360000  0.000000  0.016813  0.070172  0.123530  0.280320
   395.390000  0.000000  0.016707  0.069027  0.121348  0.354056
   397.430000  0.000000  0.014473  0.062236  0.109998  0.275339
   399.470000  0.000000  0.013426  0.058896  0.104365  0.337118
   401.500000  0.000000  0.011814  0.053500  0.095186  0.302976
   403.540000  0.000000  0.010670  0.049858  0.089047  0.301518
   405.580000  0.000000  0.009783  0.047422  0.085061  0.314139
   407.620000  0.000000  0.009174  0.045948  0.082721  0.324581
   409.660000  0.000000  0.008513  0.044119  0.079725  0.331028
   411.700000  0.000000  0.007987  0.043036  0.078086  0.331622
   413.740000  0.000000  0.007353  0.041463  0.075573  0.365766
   415.780000  0.000000  0.006913  0.040670  0.074427  0.369789
   417.830000  0.000000  0.006547  0.039984  0.073421  0.387285
   419.870000  0.000000  0.006288  0.039880  0.073472  0.401520
   421.920000  0.000000  0.006023  0.039678  0.073334  0.401290
   423.960000  0.000000  0.005796  0.039965  0.074133  0.430147
   426.010000  0.000000  0.005564  0.040048  0.074532  0.444920
   428.060000  0.000000  0.005404  0.039935  0.074465  0.448064
   430.110000  0.000000  0.005282  0.040607  0.075932  0.452867
   432.160000  0.000000  0.005479  0.041553  0.077627  0.443482
   434.210000  0.000000  0.005172  0.041081  0.076989  0.432384
   436.260000  0.000000  0.005105  0.041204  0.077303  0.433460
   438.310000  0.000000  0.004978  0.041346  0.077714  0.459548
   440.360000  0.000000  0.005091  0.042232  0.079374  0.441159
   442.420000  0.000000  0.005034  0.042257  0.079479  0.448379
   444.470000  0.000000  0.005052  0.042623  0.080195  0.422356
   446.530000  0.000000  0.005087  0.043342  0.081596  0.414912
   448.590000  0.000000  0.005170  0.043809  0.082448  0.397242
   450.640000  0.000000  0.005295  0.044102  0.082910  0.374302
   452.700000  0.000000  0.005340  0.044603  0.083865  0.362996
   454.760000  0.000000  0.005427  0.045566  0.085705  0.369822
   456.820000  0.000000  0.005472  0.045718  0.085963  0.352172
   458.880000  0.000000  0.005565  0.046190  0.086814  0.341859
   460.940000  0.000000  0.005634  0.046619  0.087603  0.338509
   463.000000  0.000000  0.005764  0.046706  0.087647  0.324506
   465.070000  0.000000  0.005809  0.047026  0.088243  0.323216
   467.130000  0.000000  0.005808  0.047474  0.089141  0.325997
   469.200000  0.000000  0.005918  0.047828  0.089739  0.322969
   471.260000  0.000000  0.006035  0.048310  0.090585  0.319687
   473.330000  0.000000  0.006188  0.048741  0.091294  0.312327
   475.400000  0.000000  0.006312  0.049032  0.091753  0.304989
   477.460000  0.000000  0.006398  0.049307  0.092216  0.301603
   479.530000  0.000000  0.006546  0.049686  0.092825  0.295438
   481.600000  0.000000  0.006644  0.049933  0.093222  0.288903
   483.670000  0.000000  0.006665  0.049921  0.093177  0.285908
   485.750000  0.000000  0.006650  0.050616  0.094583  0.295316
   487.820000  0.000000  0.006576  0.051516  0.096457  0.315837
   489.890000  0.000000  0.006850  0.051510  0.096170  0.296766
   491.970000  0.000000  0.007016  0.051892  0.096769  0.283905
   494.040000  0.000000  0.007115  0.052581  0.098047  0.286151
   496.120000  0.000000  0.007283  0.052975  0.098667  0.279374
   498.190000  0.000000  0.007292  0.053069  0.098845  0.275948
   500.270000  0.000000  0.007290  0.053203  0.099117  0.278773
   502.350000  0.000000  0.007280  0.053599  0.099918  0.284898
   504.430000  0.000000  0.007420  0.054348  0.101277  0.286697
   506.510000  0.000000  0.007506  0.054719  0.101931  0.283751
   508.590000  0.000000  0.007592  0.055138  0.102683  0.283106
   510.670000  0.000000  0.007676  0.055639  0.103602  0.286667
   512.750000  0.000000  0.007718  0.055884  0.104049  0.286434
   514.840000  0.000000  0.007675  0.055949  0.104223  0.292219
   516.920000  0.000000  0.007714  0.056772  0.105831  0.301946
   519.010000  0.000000  0.007686  0.057567  0.107448  0.320110
   521.090000  0.000000  0.008048  0.058490  0.108932  0.309390
   523.180000  0.000000  0.008165  0.058553  0.108941  0.296104
   525.270000  0.000000  0.008255  0.058915  0.109574  0.293271
   527.360000  0.000000  0.008302  0.059324  0.110347  0.295844
   529.450000  0.000000  0.008444  0.060300  0.112156  0.301750
   531.540000  0.000000  0.008630  0.060688  0.112745  0.289464
   533.630000  0.000000  0.008692  0.061269  0.113846  0.291676
   535.720000  0.000000  0.008820  0.062196  0.115572  0.295390
   537.810000  0.000000  0.008934  0.062682  0.116430  0.291503
   539.910000  0.000000  0.009043  0.063605  0.118166  0.295507
   542.000000  0.000000  0.009094  0.064437  0.119781  0.301081
   544.090000  0.000000  0.009372  0.066020  0.122667  0.299788
   546.190000  0.000000  0.009552  0.067166  0.124781  0.297133
   548.290000  0.000000  0.009658  0.067903  0.126148  0.295735
   550.390000  0.000000  0.009780  0.068763  0.127746  0.293782
   552.480000  0.000000  0.009818  0.069690  0.129562  0.296884
   554.580000  0.000000  0.009923  0.070999  0.132076  0.305108
   556.680000  0.000000  0.010022  0.072554  0.135086  0.312976
   558.790000  0.000000  0.010102  0.074153  0.138205  0.323915
   560.890000  0.000000  0.010206  0.076148  0.142090  0.332155
   562.990000  0.000000  0.010411  0.078194  0.145977  0.331581
   565.090000  0.000000  0.010503  0.079843  0.149184  0.332777
   567.200000  0.000000  0.010574  0.081387  0.152200  0.337250
   569.310000  0.000000  0.010687  0.083385  0.156083  0.341337
   571.410000  0.000000  0.010676  0.085024  0.159372  0.346355
   573.520000  0.000000  0.010814  0.087256  0.163699  0.348713
   575.630000  0.000000  0.010826  0.088825  0.166825  0.345381
   577.740000  0.000000  0.010838  0.090805  0.170772  0.352026
   579.850000  0.000000  0.010927  0.092719  0.174512  0.355298
   581.960000  0.000000  0.011027  0.094904  0.178780  0.354703
   584.070000  0.000000  0.011101  0.096595  0.182089  0.349933
   586.180000  0.000000  0.011059  0.097485  0.183911  0.350479
   588.290000  0.000000  0.011028  0.099323  0.187618  0.358925
   590.410000  0.000000  0.010882  0.099953  0.189023  0.366876
   592.520000  0.000000  0.011162  0.103284  0.195405  0.371245
   594.640000  0.000000  0.011121  0.103967  0.196813  0.363924
   596.750000  0.000000  0.011137  0.105266  0.199395  0.368117
   598.870000  0.000000  0.011137  0.106509  0.201881  0.372519
   600.990000  0.000000  0.011106  0.107519  0.203933  0.377258
   603.110000  0.000000  0.011141  0.108374  0.205606  0.381561
   605.230000  0.000000  0.011275  0.109824  0.208373  0.381157
   607.350000  0.000000  0.011235  0.110431  0.209628  0.380981
   609.470000  0.000000  0.011259  0.111595  0.211931  0.386301
   611.590000  0.000000  0.011287  0.112872  0.214457  0.392661
   613.720000  0.000000  0.011307  0.114316  0.217326  0.398665
   615.840000  0.000000  0.011308  0.114886  0.218464  0.402055
   617.970000  0.000000  0.011381  0.115062  0.218744  0.403550
   620.090000  0.000000  0.011440  0.116144  0.220848  0.402401
   622.220000  0.000000  0.011436  0.116076  0.220716  0.405088
   624.340000  0.000000  0.011334  0.116290  0.221245  0.416473
   626.470000  0.000000  0.011402  0.117337  0.223271  0.427887
   628.600000  0.000000  0.011527  0.118381  0.225236  0.433483
   630.730000  0.000000  0.011586  0.119053  0.226520  0.440711
   632.860000  0.000000  0.011693  0.119932  0.228172  0.443401
   635.000000  0.000000  0.011756  0.120745  0.229734  0.443394
   637.130000  0.000000  0.011874  0.121174  0.230473  0.441937
   639.260000  0.000000  0.011880  0.121693  0.231507  0.441504
   641.400000  0.000000  0.011760  0.121150  0.230541  0.446309
   643.530000  0.000000  0.011792  0.122280  0.232769  0.453353
   645.670000  0.000000  0.011821  0.122805  0.233790  0.454406
   647.800000  0.000000  0.011761  0.123064  0.234367  0.459125
   649.940000  0.000000  0.011726  0.123537  0.235348  0.468093
   652.080000  0.000000  0.011826  0.124340  0.236853  0.475799
   654.220000  0.000000  0.011797  0.124943  0.238089  0.482936
   656.360000  0.000000  0.011550  0.123488  0.235427  0.496461
   658.500000  0.000000  0.011749  0.124949  0.238149  0.522516
   660.640000  0.000000  0.011935  0.127406  0.242877  0.505378
   662.780000  0.000000  0.011719  0.126155  0.240590  0.498445
   664.930000  0.000000  0.011636  0.125881  0.240126  0.501190
   667.070000  0.000000  0.011631  0.126896  0.242161  0.508647
   669.220000  0.000000  0.011609  0.127561  0.243512  0.513575
   671.360000  0.000000  0.011557  0.127794  0.244031  0.516473
   673.510000  0.000000  0.011605  0.128356  0.245107  0.522655
   675.660000  0.000000  0.011622  0.128973  0.246324  0.527102
   677.810000  0.000000  0.011716  0.129515  0.247315  0.531182
   679.960000  0.000000  0.011724  0.130090  0.248456  0.535581
   682.110000  0.000000  0.011904  0.130431  0.248957  0.540171
   684.260000  0.000000  0.012112  0.130739  0.249366  0.548314
   686.410000  0.000000  0.012160  0.130436  0.248712  0.555125
   688.560000  0.000000  0.012340  0.128027  0.243715  0.552483
   690.720000  0.000000  0.013491  0.134970  0.256449  0.572066
   692.870000  0.000000  0.014077  0.136791  0.259505  0.589964
   695.030000  0.000000  0.014694  0.137310  0.259925  0.587998
   697.180000  0.000000  0.015396  0.138411  0.261427  0.582416
   699.340000  0.000000  0.016061  0.139249  0.262437  0.581169
   701.500000  0.000000  0.016830  0.140186  0.263542  0.582226
   703.660000  0.000000  0.017545  0.142162  0.266778  0.571287
   705.820000  0.000000  0.018263  0.144034  0.269805  0.582725
   707.980000  0.000000  0.018722  0.144435  0.270149  0.584204
   710.140000  0.000000  0.019333  0.145438  0.271542  0.582788
   712.300000  0.000000  0.019869  0.146435  0.273001  0.592424
   714.460000  0.000000  0.020298  0.147292  0.274285  0.587072
   716.630000  0.000000  0.020709  0.147815  0.274920  0.594301
   718.790000  0.000000  0.020822  0.146528  0.272233  0.605973
   720.960000  0.000000  0.021663  0.150604  0.279545  0.636647
   723.130000  0.000000  0.022632  0.157039  0.291447  0.639010
   725.290000  0.000000  0.022807  0.156282  0.289756  0.628194
   727.460000  0.000000  0.023267  0.156967  0.290668  0.632571
   729.630000  0.000000  0.023224  0.154689  0.286153  0.635797
   731.800000  0.000000  0.023691  0.156429  0.289167  0.651021
   733.970000  0.000000  0.024102  0.158252  0.292401  0.655780
   736.140000  0.000000  0.024289  0.158447  0.292605  0.656872
   738.310000  0.000000  0.024511  0.158778  0.293045  0.664590
   740.490000  0.000000  0.024769  0.159608  0.294448  0.676960
   742.660000  0.000000  0.025026  0.160597  0.296169  0.685808
   744.840000  0.000000  0.025365  0.161903  0.298441  0.689720
   747.010000  0.000000  0.025554  0.162630  0.299705  0.696229
   749.190000  0.000000  0.025707  0.162724  0.299741  0.709956
   751.370000  0.000000  0.025854  0.162748  0.299641  0.725977
   753.540000  0.000000  0.026079  0.163884  0.301689  0.742959
   755.720000  0.000000  0.026207  0.164203  0.302199  0.715667
   757.900000  0.000000  0.026289  0.163198  0.300107  0.776811
   760.080000  0.000000  0.024206  0.150591  0.276977  0.697198
   762.270000  0.000000  0.023764  0.140821  0.257879  0.628480
   764.450000  0.000000  0.028844  0.175874  0.322903  0.692191
   766.630000  0.000000  0.029263  0.179286  0.329310  0.742713
   768.820000  0.000000  0.028681  0.175711  0.322741  0.749348
   771.000000  0.000000  0.027823  0.169547  0.311271  0.727710
   773.190000  0.000000  0.027671  0.168144  0.308616  0.723092
   775.370000  0.000000  0.027837  0.168207  0.308576  0.710472
   777.560000  0.000000  0.027993  0.168699  0.309405  0.705731
   779.750000  0.000000  0.027996  0.168709  0.309421  0.682252
   781.940000  0.000000  0.028255  0.169151  0.310046  0.723307
   784.130000  0.000000  0.028339  0.168933  0.309528  0.674632
   786.320000  0.000000  0.028527  0.170103  0.311679  0.709500
   788.510000  0.000000  0.028676  0.169988  0.311299  0.674142
   790.700000  0.000000  0.028843  0.170361  0.311880  0.707082
   792.900000  0.000000  0.028924  0.170579  0.312233  0.732131
   795.090000  0.000000  0.029146  0.171300  0.313455  0.730421
   797.290000  0.000000  0.029464  0.172493  0.315521  0.678301
   799.480000  0.000000  0.029606  0.172342  0.315079  0.678140
   801.680000  0.000000  0.029625  0.172181  0.314737  0.702258
   803.880000  0.000000  0.029909  0.172959  0.316009  0.720048
   806.080000  0.000000  0.030104  0.173374  0.316643  0.688467
   808.280000  0.000000  0.030230  0.173900  0.317570  0.685586
   810.480000  0.000000  0.030304  0.173665  0.317027  0.682244
   812.680000  0.000000  0.030483  0.174192  0.317902  0.698502
   814.880000  0.000000  0.030329  0.172798  0.315267  0.672722
   817.080000  0.000000  0.030513  0.172964  0.315415  0.682594
   819.290000  0.000000  0.030818  0.174570  0.318321  0.674134
   821.490000  0.000000  0.030979  0.176372  0.321765  0.675978
   823.700000  0.000000  0.030924  0.174249  0.317573  0.678949
   825.900000  0.000000  0.031571  0.178056  0.324540  0.636430
   828.110000  0.000000  0.031251  0.175636  0.320021  0.677900
   830.320000  0.000000  0.031500  0.175889  0.320279  0.671732
   832.530000  0.000000  0.031802  0.177104  0.322406  0.676094
   834.740000  0.000000  0.031932  0.177243  0.322555  0.672549
   836.950000  0.000000  0.032200  0.178200  0.324200  0.672137
   839.160000  0.000000  0.032254  0.177576  0.322898  0.650376
   841.370000  0.000000  0.032268  0.177686  0.323105  0.682631
   843.580000  0.000000  0.032336  0.177597  0.322857  0.640468
   845.800000  0.000000  0.032467  0.178171  0.323875  0.685477
   848.010000  0.000000  0.032373  0.177665  0.322956  0.630410
   850.230000  0.000000  0.032491  0.176587  0.320683  0.653361
   852.440000  0.000000  0.032869  0.178473  0.324077  0.619517
   854.660000  0.000000  0.032575  0.176619  0.320663  0.661701
   856.880000  0.000000  0.033579  0.181577  0.329575  0.647665
   859.100000  0.000000  0.033325  0.180100  0.326874  0.653904
   861.320000  0.000000  0.033176  0.178741  0.324305  0.645844
   863.540000  0.000000  0.033455  0.179159  0.324862  0.678474
   865.760000  0.000000  0.033282  0.178196  0.323110  0.640727
   867.980000  0.000000  0.033341  0.178116  0.322890  0.669423
   870.200000  0.000000  0.034224  0.182107  0.329989  0.656365
   872.430000  0.000000  0.033816  0.180849  0.327883  0.644450
   874.650000  0.000000  0.033867  0.180916  0.327965  0.634500
   876.880000  0.000000  0.034321  0.181427  0.328534  0.613737
   879.110000  0.000000  0.034354  0.182150  0.329947  0.681313
   881.330000  0.000000  0.034286  0.181394  0.328502  0.640271
   883.560000  0.000000  0.034669  0.182449  0.330230  0.661664
   885.790000  0.000000  0.034613  0.181676  0.328740  0.658268
   888.020000  0.000000  0.034540  0.181601  0.328662  0.653357
   890.250000  0.000000  0.034738  0.182334  0.329931  0.679524
   892.480000  0.000000  0.034679  0.181489  0.328299  0.628369
   894.710000  0.000000  0.034675  0.181413  0.328151  0.701992
   896.950000  0.000000  0.034710  0.180264  0.325818  0.668148
   899.180000  0.000000  0.034835  0.180392  0.325948  0.615241
   901.420000  0.000000  0.035253  0.182672  0.330090  0.623106
   903.650000  0.000000  0.035484  0.183962  0.332441  0.614206
   905.890000  0.000000  0.035593  0.184169  0.332745  0.638523
   908.130000  0.000000  0.035164  0.181178  0.327191  0.601661
   910.370000  0.000000  0.035408  0.182951  0.330495  0.674876
   912.600000  0.000000  0.035844  0.184163  0.332482  0.650464
   914.840000  0.000000  0.035713  0.183277  0.330840  0.647155
   917.090000  0.000000  0.035712  0.183002  0.330292  0.637213
   919.330000  0.000000  0.035936  0.183543  0.331149  0.614376
   921.570000  0.000000  0.036275  0.186702  0.337128  0.700766
   923.810000  0.000000  0.036086  0.184166  0.332246  0.639536
   926.060000  0.000000  0.035963  0.183739  0.331514  0.674330
   928.300000  0.000000  0.035915  0.182048  0.328180  0.689026
   930.550000  0.000000  0.035096  0.177750  0.320405  0.581275
   932.800000  0.000000  0.034325  0.173915  0.313506  0.618147
   935.040000  0.000000  0.035089  0.176869  0.318649  0.645253
   937.290000  0.000000  0.036712  0.186663  0.336613  0.578965
   939.540000  0.000000  0.035801  0.184243  0.332684  0.670551
   941.790000  0.000000  0.036121  0.182406  0.328691  0.613670
   944.040000  0.000000  0.036173  0.181154  0.326134  0.580825
   946.290000  0.000000  0.035024  0.181334  0.327644  0.638577
   948.550000  0.000000  0.035217  0.180554  0.325892  0.580039
   950.800000  0.000000  0.035180  0.180278  0.325376  0.572323
   953.060000  0.000000  0.035453  0.182223  0.328994  0.632530
   955.310000  0.000000  0.034620  0.181167  0.327714  0.657877
   957.570000  0.000000  0.035405  0.182491  0.329576  0.631902
   959.820000  0.000000  0.035520  0.183359  0.331198  0.626380
   962.080000  0.000000  0.035049  0.182955  0.330860  0.653267
   964.340000  0.000000  0.035361  0.184715  0.334069  0.589720
   966.600000  0.000000  0.035481  0.185304  0.335128  0.648491
   968.860000  0.000000  0.036323  0.187268  0.338212  0.640223
   971.120000  0.000000  0.034880  0.183472  0.332064  0.688963
   973.380000  0.000000  0.035287  0.182680  0.330074  0.598104
   975.650000  0.000000  0.033832  0.182456  0.331079  0.698846
   977.910000  0.000000  0.033776  0.181695  0.329613  0.620889
   980.180000  0.000000  0.034021  0.179510  0.324999  0.602076
   982.440000  0.000000  0.034658  0.183756  0.332854  0.615750
   984.710000  0.000000  0.033376  0.180184  0.326991  0.608245
   986.970000  0.000000  0.033315  0.180417  0.327519  0.588233
   989.240000  0.000000  0.032372  0.178721  0.325069  0.639060
   991.510000  0.000000  0.033603  0.181974  0.330345  0.626376
   993.780000  0.000000  0.032687  0.179211  0.325735  0.620475
   996.050000  0.000000  0.031691  0.178305  0.324918  0.590536
   998.320000  0.000000  0.030841  0.179694  0.328547  0.649934
  1000.590000  0.000000  0.030178  0.177006  0.323834  0.634887
  1002.870000  0.000000  0.029195  0.172094  0.314994  0.654843
  1005.140000  0.000000  0.030237  0.178643  0.327049  0.676119
  1007.420000  0.000000  0.028874  0.177442  0.326009  0.630089
  1009.690000  0.000000  0.025696  0.169877  0.314057  0.643833
  1011.970000  0.000000  0.025801  0.169807  0.313812  0.721315
  1014.250000  0.000000  0.024137  0.171848  0.319559  0.653067
  1016.520000  0.000000  0.022720  0.168364  0.314008  0.695227
  1018.800000  0.000000  0.022288  0.166210  0.310132  0.696739
  1021.080000  0.000000  0.022278  0.168670  0.315061  0.653921
  1023.360000  0.000000  0.019339  0.166119  0.312900  0.722029
  1025.650000  0.000000  0.017220  0.163852  0.310484  0.695208
