ENVI ASCII Plot File [Sun Jul 30 11:26:09 2023]
Column 1: Wavelength
Column 2: Min: ROI #5~~2##255,0,0
Column 3: Mean-StdDev: ROI #5~~21##0,200,0
Column 4: Mean: ROI #5~~0##0,0,0
Column 5: Mean+StdDev: ROI #5~~21##0,200,0
Column 6: Max: ROI #5~~2##255,0,0
   381.170000  0.000000  0.083474  0.126088  0.168702  0.293812
   383.200000  0.000000  0.079820  0.119101  0.158383  0.265149
   385.230000  0.000000  0.084999  0.122110  0.159222  0.298082
   387.260000  0.009312  0.083748  0.117162  0.150577  0.247444
   389.290000  0.009696  0.081429  0.113172  0.144914  0.264635
   391.330000  0.010980  0.078554  0.108780  0.139007  0.258735
   393.360000  0.006297  0.067367  0.093388  0.119409  0.216187
   395.390000  0.004967  0.064030  0.089126  0.114223  0.215573
   397.430000  0.003756  0.055230  0.077835  0.100440  0.200544
   399.470000  0.007958  0.051459  0.074002  0.096545  0.179612
   401.500000  0.011331  0.047024  0.068454  0.089883  0.173366
   403.540000  0.009115  0.043516  0.064223  0.084931  0.169736
   405.580000  0.006575  0.040960  0.061140  0.081320  0.159334
   407.620000  0.008013  0.038971  0.058876  0.078780  0.158744
   409.660000  0.009023  0.037087  0.056794  0.076502  0.156343
   411.700000  0.006956  0.035508  0.055146  0.074783  0.155518
   413.740000  0.007089  0.033979  0.053502  0.073025  0.154968
   415.780000  0.006803  0.032822  0.052297  0.071773  0.147305
   417.830000  0.004777  0.031962  0.051641  0.071320  0.154219
   419.870000  0.005937  0.031559  0.051419  0.071279  0.153503
   421.920000  0.007199  0.031100  0.051318  0.071536  0.169486
   423.960000  0.004851  0.030921  0.051589  0.072257  0.196907
   426.010000  0.007154  0.030696  0.051886  0.073076  0.213844
   428.060000  0.006291  0.030463  0.052009  0.073555  0.232944
   430.110000  0.005787  0.030272  0.052215  0.074158  0.264442
   432.160000  0.005527  0.030527  0.052729  0.074931  0.229437
   434.210000  0.006282  0.030288  0.053146  0.076004  0.250505
   436.260000  0.005846  0.030268  0.053369  0.076470  0.237658
   438.310000  0.006557  0.030096  0.053672  0.077249  0.258650
   440.360000  0.006058  0.030272  0.054166  0.078059  0.241375
   442.420000  0.006100  0.030406  0.054728  0.079050  0.246637
   444.470000  0.006086  0.030482  0.055234  0.079985  0.240358
   446.530000  0.007273  0.030636  0.055896  0.081156  0.243099
   448.590000  0.005872  0.030884  0.056648  0.082412  0.232340
   450.640000  0.005622  0.031049  0.057260  0.083471  0.237579
   452.700000  0.005884  0.031309  0.058043  0.084777  0.248677
   454.760000  0.005839  0.031597  0.058753  0.085908  0.254862
   456.820000  0.005160  0.031684  0.059226  0.086769  0.259080
   458.880000  0.006216  0.031883  0.059914  0.087944  0.266822
   460.940000  0.005855  0.032091  0.060456  0.088822  0.263897
   463.000000  0.005603  0.032238  0.060898  0.089558  0.253573
   465.070000  0.005815  0.032324  0.061348  0.090372  0.252416
   467.130000  0.005880  0.032514  0.061843  0.091171  0.255807
   469.200000  0.005120  0.032613  0.062168  0.091723  0.254608
   471.260000  0.005715  0.032871  0.062787  0.092703  0.251472
   473.330000  0.005272  0.033089  0.063294  0.093498  0.244056
   475.400000  0.005493  0.033202  0.063676  0.094149  0.238135
   477.460000  0.005537  0.033379  0.064120  0.094861  0.236397
   479.530000  0.005799  0.033582  0.064662  0.095743  0.231354
   481.600000  0.004843  0.033794  0.065131  0.096468  0.226266
   483.670000  0.005233  0.034027  0.065622  0.097218  0.223499
   485.750000  0.005514  0.034127  0.066164  0.098201  0.231017
   487.820000  0.006005  0.034224  0.066468  0.098712  0.247177
   489.890000  0.005734  0.034656  0.067236  0.099816  0.231880
   491.970000  0.005991  0.034858  0.067687  0.100516  0.222351
   494.040000  0.005854  0.035123  0.068180  0.101238  0.224603
   496.120000  0.005736  0.035558  0.068989  0.102420  0.218719
   498.190000  0.004897  0.035714  0.069319  0.102925  0.215855
   500.270000  0.004839  0.035780  0.069509  0.103238  0.218465
   502.350000  0.005408  0.035956  0.069932  0.103909  0.223335
   504.430000  0.005866  0.036306  0.070703  0.105100  0.224924
   506.510000  0.006228  0.036637  0.071305  0.105974  0.222229
   508.590000  0.005169  0.036860  0.071779  0.106699  0.221302
   510.670000  0.006172  0.037097  0.072340  0.107584  0.225013
   512.750000  0.005328  0.037424  0.072911  0.108399  0.224824
   514.840000  0.005351  0.037450  0.073176  0.108902  0.228827
   516.920000  0.005629  0.037808  0.074000  0.110193  0.237372
   519.010000  0.005194  0.037916  0.074297  0.110678  0.250386
   521.090000  0.006401  0.038551  0.075472  0.112394  0.241348
   523.180000  0.005840  0.038900  0.075865  0.112830  0.232383
   525.270000  0.005711  0.039220  0.076396  0.113573  0.230347
   527.360000  0.006766  0.039364  0.076757  0.114150  0.232390
   529.450000  0.006247  0.039895  0.077757  0.115620  0.237679
   531.540000  0.006909  0.040491  0.078629  0.116768  0.228143
   533.630000  0.005491  0.040730  0.079098  0.117466  0.229303
   535.720000  0.005250  0.041293  0.080142  0.118992  0.231949
   537.810000  0.006262  0.041720  0.080800  0.119880  0.228849
   539.910000  0.006499  0.042194  0.081701  0.121208  0.232294
   542.000000  0.006660  0.042608  0.082466  0.122324  0.235467
   544.090000  0.005928  0.043482  0.083985  0.124488  0.234260
   546.190000  0.005246  0.044312  0.085322  0.126332  0.232090
   548.290000  0.004893  0.044904  0.086198  0.127493  0.230406
   550.390000  0.006867  0.045587  0.087297  0.129008  0.230725
   552.480000  0.006584  0.046234  0.088498  0.130761  0.232602
   554.580000  0.007343  0.046947  0.089900  0.132852  0.238956
   556.680000  0.007947  0.047895  0.091714  0.135533  0.245045
   558.790000  0.006708  0.048652  0.093237  0.137822  0.253909
   560.890000  0.007971  0.049588  0.095162  0.140735  0.260656
   562.990000  0.006424  0.050872  0.097363  0.143853  0.259565
   565.090000  0.007872  0.051771  0.099097  0.146424  0.261107
   567.200000  0.007415  0.052514  0.100664  0.148813  0.264517
   569.310000  0.007952  0.053544  0.102712  0.151879  0.268077
   571.410000  0.008078  0.054304  0.104354  0.154403  0.271318
   573.520000  0.006907  0.055347  0.106542  0.157738  0.273082
   575.630000  0.008315  0.056337  0.108471  0.160604  0.271723
   577.740000  0.008854  0.057099  0.110217  0.163336  0.276679
   579.850000  0.006579  0.057906  0.112066  0.166226  0.278637
   581.960000  0.008474  0.058860  0.114197  0.169534  0.277775
   584.070000  0.007749  0.059713  0.116023  0.172334  0.274488
   586.180000  0.008166  0.060228  0.117289  0.174350  0.274321
   588.290000  0.008536  0.060931  0.119070  0.177209  0.282280
   590.410000  0.006919  0.060985  0.119663  0.178342  0.289077
   592.520000  0.008788  0.062355  0.122599  0.182842  0.292228
   594.640000  0.008892  0.062869  0.123681  0.184493  0.286211
   596.750000  0.007658  0.063268  0.124908  0.186548  0.288254
   598.870000  0.008824  0.063773  0.126191  0.188609  0.291686
   600.990000  0.007618  0.064086  0.127218  0.190351  0.295926
   603.110000  0.007918  0.064318  0.128023  0.191728  0.299109
   605.230000  0.007001  0.065016  0.129517  0.194018  0.299152
   607.350000  0.007426  0.065298  0.130307  0.195316  0.299081
   609.470000  0.008234  0.065706  0.131420  0.197133  0.303890
   611.590000  0.009462  0.066096  0.132508  0.198921  0.308092
   613.720000  0.008706  0.066615  0.133734  0.200853  0.311424
   615.840000  0.007723  0.066796  0.134283  0.201770  0.315604
   617.970000  0.007870  0.066793  0.134532  0.202270  0.316192
   620.090000  0.007101  0.067296  0.135556  0.203816  0.316190
   622.220000  0.008309  0.067407  0.135877  0.204347  0.317968
   624.340000  0.008032  0.067539  0.136393  0.205247  0.326176
   626.470000  0.008884  0.067795  0.137272  0.206748  0.335660
   628.600000  0.008209  0.068230  0.138302  0.208374  0.340383
   630.730000  0.008870  0.068449  0.138801  0.209153  0.345631
   632.860000  0.009347  0.068837  0.139538  0.210239  0.347773
   635.000000  0.008873  0.069280  0.140423  0.211567  0.348196
   637.130000  0.008238  0.069500  0.140880  0.212260  0.347593
   639.260000  0.008195  0.069869  0.141714  0.213558  0.348917
   641.400000  0.007823  0.069723  0.141464  0.213205  0.350544
   643.530000  0.009786  0.070049  0.142432  0.214816  0.355226
   645.670000  0.008075  0.070441  0.143228  0.216015  0.357727
   647.800000  0.009460  0.070611  0.143691  0.216771  0.363329
   649.940000  0.007977  0.070777  0.144104  0.217432  0.369628
   652.080000  0.009225  0.071051  0.144899  0.218748  0.375006
   654.220000  0.008580  0.071545  0.146231  0.220917  0.380578
   656.360000  0.008313  0.070654  0.144560  0.218466  0.392749
   658.500000  0.008771  0.071195  0.145500  0.219805  0.411844
   660.640000  0.009258  0.072210  0.147759  0.223307  0.397868
   662.780000  0.008301  0.071940  0.147165  0.222391  0.393398
   664.930000  0.009254  0.072018  0.147392  0.222766  0.396223
   667.070000  0.006317  0.072346  0.148261  0.224175  0.401179
   669.220000  0.009311  0.072569  0.148973  0.225377  0.405090
   671.360000  0.009748  0.072749  0.149278  0.225807  0.408973
   673.510000  0.008796  0.072939  0.149741  0.226542  0.413394
   675.660000  0.008545  0.073218  0.150408  0.227599  0.415626
   677.810000  0.008922  0.073561  0.150987  0.228413  0.419817
   679.960000  0.008364  0.073749  0.151469  0.229189  0.423656
   682.110000  0.009257  0.074141  0.152191  0.230241  0.426981
   684.260000  0.009554  0.074728  0.153448  0.232169  0.435200
   686.410000  0.008460  0.074882  0.153665  0.232448  0.457833
   688.560000  0.009808  0.074027  0.150867  0.227707  0.500203
   690.720000  0.007488  0.076612  0.155511  0.234411  0.519832
   692.870000  0.009292  0.077728  0.157419  0.237109  0.498473
   695.030000  0.010425  0.078385  0.158207  0.238029  0.485242
   697.180000  0.009962  0.079454  0.159450  0.239445  0.483447
   699.340000  0.011071  0.080271  0.160300  0.240330  0.486717
   701.500000  0.009930  0.081092  0.161099  0.241105  0.495125
   703.660000  0.011362  0.081948  0.162192  0.242435  0.505147
   705.820000  0.011087  0.083419  0.164072  0.244725  0.510101
   707.980000  0.011729  0.084036  0.164806  0.245575  0.514608
   710.140000  0.011759  0.084769  0.165639  0.246508  0.525106
   712.300000  0.011723  0.085747  0.166911  0.248076  0.526604
   714.460000  0.012177  0.086602  0.168100  0.249597  0.514344
   716.630000  0.010681  0.087472  0.169190  0.250909  0.525327
   718.790000  0.011472  0.087245  0.167868  0.248492  0.504448
   720.960000  0.013560  0.088685  0.170125  0.251565  0.512793
   723.130000  0.013327  0.090859  0.174487  0.258114  0.545676
   725.290000  0.012439  0.091001  0.174369  0.257737  0.530913
   727.460000  0.012776  0.091752  0.175107  0.258462  0.527241
   729.630000  0.011147  0.091358  0.173745  0.256131  0.516030
   731.800000  0.013991  0.092108  0.174841  0.257575  0.524111
   733.970000  0.014461  0.093191  0.176553  0.259916  0.522525
   736.140000  0.015041  0.093582  0.177117  0.260652  0.533322
   738.310000  0.013067  0.094085  0.177847  0.261609  0.529771
   740.490000  0.014155  0.094721  0.178776  0.262832  0.523116
   742.660000  0.013559  0.095415  0.179742  0.264068  0.510462
   744.840000  0.013194  0.096053  0.180832  0.265610  0.516411
   747.010000  0.014629  0.096569  0.181697  0.266825  0.533768
   749.190000  0.013294  0.097093  0.182245  0.267398  0.535056
   751.370000  0.016429  0.097133  0.182166  0.267199  0.519059
   753.540000  0.013948  0.097912  0.183228  0.268545  0.535559
   755.720000  0.011130  0.098667  0.184522  0.270377  0.522073
   757.900000  0.015432  0.100421  0.187955  0.275489  0.537331
   760.080000  0.015453  0.095993  0.179357  0.262722  0.532667
   762.270000  0.011827  0.090789  0.165646  0.240504  0.494496
   764.450000  0.018894  0.101827  0.186072  0.270317  0.522323
   766.630000  0.015606  0.103463  0.189933  0.276402  0.535815
   768.820000  0.015268  0.103586  0.191198  0.278810  0.535045
   771.000000  0.014937  0.101840  0.188370  0.274900  0.532049
   773.190000  0.013455  0.101854  0.188013  0.274172  0.537418
   775.370000  0.011700  0.101854  0.187946  0.274037  0.529989
   777.560000  0.015505  0.102325  0.188576  0.274827  0.526602
   779.750000  0.014210  0.102686  0.188960  0.275234  0.514058
   781.940000  0.014587  0.103205  0.189404  0.275603  0.530081
   784.130000  0.017827  0.103218  0.189312  0.275406  0.545449
   786.320000  0.012645  0.103964  0.190437  0.276910  0.521555
   788.510000  0.017488  0.104156  0.190514  0.276872  0.527998
   790.700000  0.014789  0.104635  0.190992  0.277350  0.514419
   792.900000  0.015227  0.104773  0.191211  0.277648  0.541484
   795.090000  0.013759  0.105178  0.191435  0.277693  0.537124
   797.290000  0.017585  0.105652  0.192394  0.279136  0.567342
   799.480000  0.016568  0.106204  0.192940  0.279677  0.529084
   801.680000  0.016983  0.106412  0.192815  0.279217  0.543729
   803.880000  0.012106  0.106862  0.193589  0.280315  0.529320
   806.080000  0.017941  0.107129  0.193726  0.280322  0.563139
   808.280000  0.015399  0.107661  0.194558  0.281455  0.555721
   810.480000  0.018919  0.107947  0.194740  0.281534  0.516067
   812.680000  0.015084  0.108442  0.195557  0.282672  0.525607
   814.880000  0.014295  0.108398  0.194856  0.281313  0.522147
   817.080000  0.016057  0.108655  0.194740  0.280825  0.513705
   819.290000  0.015872  0.108915  0.195205  0.281495  0.523316
   821.490000  0.016502  0.110335  0.197211  0.284087  0.531617
   823.700000  0.015764  0.109423  0.195590  0.281756  0.534019
   825.900000  0.012857  0.110970  0.198130  0.285290  0.523370
   828.110000  0.017138  0.110326  0.196939  0.283552  0.541541
   830.320000  0.014594  0.110457  0.197098  0.283739  0.546119
   832.530000  0.018515  0.111684  0.198481  0.285279  0.512524
   834.740000  0.019271  0.111800  0.198423  0.285047  0.526350
   836.950000  0.019209  0.112450  0.199424  0.286398  0.537169
   839.160000  0.017028  0.112408  0.199463  0.286517  0.517372
   841.370000  0.015581  0.112716  0.199847  0.286978  0.541740
   843.580000  0.015470  0.112676  0.199373  0.286070  0.519910
   845.800000  0.015472  0.113908  0.200788  0.287667  0.527144
   848.010000  0.016003  0.113643  0.200564  0.287485  0.505454
   850.230000  0.014979  0.113364  0.199498  0.285632  0.514121
   852.440000  0.013385  0.114353  0.201146  0.287939  0.534512
   854.660000  0.017980  0.113511  0.199068  0.284625  0.534826
   856.880000  0.022880  0.115574  0.202657  0.289740  0.526491
   859.100000  0.016361  0.115559  0.202804  0.290050  0.541287
   861.320000  0.015775  0.115660  0.202196  0.288731  0.531144
   863.540000  0.014619  0.116340  0.203298  0.290256  0.511666
   865.760000  0.013014  0.115450  0.202065  0.288680  0.526214
   867.980000  0.014768  0.115831  0.201463  0.287095  0.525145
   870.200000  0.014964  0.117875  0.205385  0.292895  0.533244
   872.430000  0.007407  0.117982  0.204653  0.291323  0.527017
   874.650000  0.014707  0.117932  0.204892  0.291852  0.519485
   876.880000  0.016207  0.118418  0.205660  0.292903  0.541956
   879.110000  0.013997  0.118943  0.206468  0.293994  0.520741
   881.330000  0.014477  0.118747  0.205904  0.293062  0.521292
   883.560000  0.015944  0.119477  0.206426  0.293376  0.542050
   885.790000  0.015161  0.119445  0.206097  0.292750  0.538013
   888.020000  0.018214  0.119562  0.206402  0.293242  0.534080
   890.250000  0.012755  0.120393  0.207550  0.294707  0.517324
   892.480000  0.011380  0.119790  0.206919  0.294048  0.527731
   894.710000  0.011562  0.120829  0.207724  0.294619  0.533365
   896.950000  0.007644  0.120576  0.207106  0.293636  0.536746
   899.180000  0.014950  0.120211  0.206084  0.291957  0.547862
   901.420000  0.007572  0.120898  0.206900  0.292901  0.543631
   903.650000  0.012339  0.122517  0.209384  0.296250  0.544140
   905.890000  0.007682  0.123980  0.211384  0.298788  0.538516
   908.130000  0.012488  0.122394  0.208549  0.294704  0.515361
   910.370000  0.012312  0.122942  0.209457  0.295972  0.557953
   912.600000  0.010812  0.123810  0.210724  0.297638  0.540239
   914.840000  0.014998  0.123627  0.210129  0.296630  0.597721
   917.090000  0.005756  0.123536  0.209352  0.295167  0.531849
   919.330000  0.001877  0.124089  0.210328  0.296566  0.516529
   921.570000  0.007676  0.125695  0.213417  0.301138  0.552334
   923.810000  0.000000  0.123892  0.210591  0.297291  0.510473
   926.060000  0.006527  0.124644  0.211372  0.298099  0.581163
   928.300000  0.008975  0.125878  0.214012  0.302147  0.540903
   930.550000  0.002535  0.125206  0.211194  0.297183  0.583573
   932.800000  0.002953  0.121373  0.204940  0.288507  0.539068
   935.040000  0.000000  0.123197  0.206079  0.288962  0.497369
   937.290000  0.000000  0.127442  0.212374  0.297305  0.513135
   939.540000  0.000000  0.126433  0.211700  0.296968  0.541749
   941.790000  0.000000  0.125755  0.212246  0.298737  0.541087
   944.040000  0.000000  0.125108  0.210443  0.295778  0.629724
   946.290000  0.000000  0.127241  0.211867  0.296493  0.537481
   948.550000  0.000000  0.125798  0.211190  0.296582  0.582983
   950.800000  0.000000  0.126686  0.212216  0.297746  0.572899
   953.060000  0.000000  0.127697  0.213209  0.298721  0.563548
   955.310000  0.000000  0.126846  0.213579  0.300313  0.538616
   957.570000  0.000000  0.126495  0.213203  0.299912  0.576938
   959.820000  0.000000  0.126811  0.214799  0.302787  0.601458
   962.080000  0.000000  0.127625  0.214998  0.302371  0.581276
   964.340000  0.000000  0.126788  0.214973  0.303159  0.534231
   966.600000  0.000000  0.127100  0.215215  0.303330  0.606415
   968.860000  0.000000  0.129530  0.219442  0.309354  0.588861
   971.120000  0.000000  0.129157  0.217295  0.305434  0.540232
   973.380000  0.000000  0.128043  0.215891  0.303738  0.565442
   975.650000  0.000000  0.126380  0.215632  0.304885  0.562282
   977.910000  0.000000  0.126144  0.214307  0.302470  0.568357
   980.180000  0.000000  0.127610  0.215276  0.302943  0.602372
   982.440000  0.000000  0.128278  0.216991  0.305704  0.551218
   984.710000  0.000000  0.123228  0.211805  0.300381  0.594598
   986.970000  0.000000  0.124129  0.214283  0.304436  0.569463
   989.240000  0.000000  0.125754  0.215041  0.304329  0.570649
   991.510000  0.000000  0.126184  0.216132  0.306081  0.532887
   993.780000  0.000000  0.122026  0.213679  0.305331  0.555805
   996.050000  0.000000  0.122391  0.213840  0.305289  0.549420
   998.320000  0.000000  0.123223  0.217241  0.311259  0.642941
  1000.590000  0.000000  0.120891  0.213588  0.306284  0.571077
  1002.870000  0.000000  0.117703  0.210258  0.302813  0.585508
  1005.140000  0.000000  0.120848  0.216906  0.312963  0.605879
  1007.420000  0.000000  0.117332  0.213233  0.309135  0.594481
  1009.690000  0.000000  0.115223  0.210517  0.305810  0.572762
  1011.970000  0.000000  0.112480  0.208887  0.305295  0.607276
  1014.250000  0.000000  0.113038  0.211767  0.310495  0.715562
  1016.520000  0.000000  0.110113  0.209310  0.308507  0.635485
  1018.800000  0.000000  0.107308  0.207652  0.307996  0.625096
  1021.080000  0.000000  0.105049  0.208050  0.311051  0.635006
  1023.360000  0.000000  0.101700  0.204862  0.308024  0.701942
  1025.650000  0.000000  0.095719  0.201005  0.306291  0.689182
