ENVI ASCII Plot File [Sun Jul 30 11:29:56 2023]
Column 1: Wavelength
Column 2: Min: ROI #5~~2##255,0,0
Column 3: Mean-StdDev: ROI #5~~21##0,200,0
Column 4: Mean: ROI #5~~0##0,0,0
Column 5: Mean+StdDev: ROI #5~~21##0,200,0
Column 6: Max: ROI #5~~2##255,0,0
   381.170000  0.000000  0.079769  0.122411  0.165053  0.332448
   383.200000  0.000000  0.073054  0.112363  0.151672  0.292520
   385.230000  0.000000  0.080644  0.118116  0.155589  0.298468
   387.260000  0.000000  0.079775  0.113703  0.147630  0.294339
   389.290000  0.000000  0.078422  0.110191  0.141961  0.271764
   391.330000  0.000000  0.074919  0.105216  0.135514  0.279262
   393.360000  0.000000  0.064484  0.090442  0.116400  0.216886
   395.390000  0.000000  0.060396  0.085714  0.111031  0.275774
   397.430000  0.000000  0.053103  0.075809  0.098515  0.232715
   399.470000  0.000000  0.048472  0.071420  0.094369  0.206913
   401.500000  0.000000  0.044521  0.066413  0.088304  0.194197
   403.540000  0.000000  0.041035  0.062281  0.083526  0.188832
   405.580000  0.000000  0.038546  0.059338  0.080129  0.214856
   407.620000  0.000000  0.036316  0.056956  0.077596  0.213388
   409.660000  0.000000  0.034545  0.055038  0.075531  0.232421
   411.700000  0.000000  0.032848  0.053294  0.073739  0.239046
   413.740000  0.000000  0.031257  0.051718  0.072179  0.248053
   415.780000  0.000000  0.030047  0.050566  0.071086  0.251144
   417.830000  0.000000  0.029233  0.049980  0.070727  0.262790
   419.870000  0.000000  0.028657  0.049684  0.070712  0.270856
   421.920000  0.000000  0.028117  0.049519  0.070921  0.272479
   423.960000  0.000000  0.027976  0.049874  0.071771  0.274150
   426.010000  0.000000  0.027665  0.050050  0.072435  0.287855
   428.060000  0.000000  0.027358  0.050082  0.072806  0.303739
   430.110000  0.000000  0.027489  0.050684  0.073880  0.299557
   432.160000  0.000000  0.027370  0.050763  0.074156  0.327317
   434.210000  0.000000  0.027000  0.050998  0.074996  0.340812
   436.260000  0.000000  0.026858  0.051141  0.075424  0.342481
   438.310000  0.000000  0.026792  0.051565  0.076338  0.325433
   440.360000  0.000000  0.026931  0.052076  0.077222  0.354968
   442.420000  0.000000  0.026792  0.052288  0.077785  0.342299
   444.470000  0.000000  0.026866  0.052829  0.078791  0.323677
   446.530000  0.000000  0.027073  0.053509  0.079945  0.318873
   448.590000  0.000000  0.027133  0.053994  0.080854  0.307091
   450.640000  0.000000  0.027169  0.054480  0.081792  0.290209
   452.700000  0.000000  0.027432  0.055256  0.083080  0.279947
   454.760000  0.000000  0.027662  0.055955  0.084249  0.285044
   456.820000  0.000000  0.027653  0.056236  0.084819  0.273735
   458.880000  0.000000  0.027845  0.056905  0.085964  0.267298
   460.940000  0.000000  0.027972  0.057287  0.086603  0.263352
   463.000000  0.000000  0.027872  0.057530  0.087188  0.252814
   465.070000  0.000000  0.027982  0.058027  0.088072  0.251660
   467.130000  0.000000  0.028173  0.058486  0.088800  0.254838
   469.200000  0.000000  0.028177  0.058680  0.089182  0.253102
   471.260000  0.000000  0.028318  0.059238  0.090157  0.249834
   473.330000  0.000000  0.028383  0.059543  0.090703  0.243035
   475.400000  0.000000  0.028454  0.059931  0.091409  0.237257
   477.460000  0.000000  0.028570  0.060312  0.092053  0.235191
   479.530000  0.000000  0.028723  0.060717  0.092711  0.230836
   481.600000  0.000000  0.028794  0.061067  0.093341  0.225814
   483.670000  0.000000  0.028852  0.061357  0.093862  0.224572
   485.750000  0.000000  0.029077  0.062069  0.095060  0.232924
   487.820000  0.000000  0.029219  0.062492  0.095765  0.247946
   489.890000  0.000000  0.029338  0.062704  0.096070  0.232679
   491.970000  0.000000  0.029578  0.063242  0.096907  0.223556
   494.040000  0.000000  0.029799  0.063737  0.097676  0.225720
   496.120000  0.000000  0.030064  0.064324  0.098584  0.219511
   498.190000  0.000000  0.030177  0.064589  0.099001  0.216536
   500.270000  0.000000  0.030234  0.064638  0.099041  0.218303
   502.350000  0.000000  0.030291  0.065055  0.099818  0.223763
   504.430000  0.000000  0.030541  0.065671  0.100801  0.226349
   506.510000  0.000000  0.030851  0.066112  0.101374  0.222917
   508.590000  0.000000  0.031039  0.066599  0.102159  0.222349
   510.670000  0.000000  0.031178  0.067009  0.102840  0.226274
   512.750000  0.000000  0.031418  0.067410  0.103401  0.226456
   514.840000  0.000000  0.031461  0.067665  0.103869  0.229440
   516.920000  0.000000  0.031673  0.068401  0.105129  0.237302
   519.010000  0.000000  0.031741  0.068770  0.105799  0.250610
   521.090000  0.000000  0.032319  0.069611  0.106902  0.243254
   523.180000  0.000000  0.032605  0.069983  0.107361  0.232933
   525.270000  0.000000  0.032782  0.070312  0.107843  0.230279
   527.360000  0.000000  0.033052  0.070822  0.108592  0.232664
   529.450000  0.000000  0.033333  0.071408  0.109483  0.237124
   531.540000  0.000000  0.033922  0.072097  0.110271  0.227213
   533.630000  0.000000  0.034137  0.072545  0.110953  0.228834
   535.720000  0.000000  0.034526  0.073254  0.111983  0.231644
   537.810000  0.000000  0.034930  0.073788  0.112647  0.228749
   539.910000  0.000000  0.035303  0.074546  0.113788  0.232978
   542.000000  0.000000  0.035593  0.075158  0.114723  0.236098
   544.090000  0.000000  0.036388  0.076336  0.116284  0.235207
   546.190000  0.000000  0.037055  0.077373  0.117690  0.232502
   548.290000  0.000000  0.037495  0.077936  0.118376  0.230472
   550.390000  0.000000  0.037930  0.078509  0.119087  0.229827
   552.480000  0.000000  0.038381  0.079313  0.120245  0.232157
   554.580000  0.000000  0.038937  0.080360  0.121783  0.238859
   556.680000  0.000000  0.039610  0.081691  0.123772  0.245672
   558.790000  0.000000  0.040164  0.082874  0.125584  0.254522
   560.890000  0.000000  0.040895  0.084216  0.127536  0.260621
   562.990000  0.000000  0.041884  0.085807  0.129730  0.259911
   565.090000  0.000000  0.042510  0.086919  0.131329  0.260660
   567.200000  0.000000  0.043097  0.087966  0.132836  0.263861
   569.310000  0.000000  0.043945  0.089414  0.134884  0.268181
   571.410000  0.000000  0.044430  0.090430  0.136429  0.271248
   573.520000  0.000000  0.045226  0.091918  0.138611  0.273466
   575.630000  0.000000  0.046013  0.093196  0.140379  0.271964
   577.740000  0.000000  0.046557  0.094325  0.142092  0.276364
   579.850000  0.000000  0.047221  0.095575  0.143929  0.278673
   581.960000  0.000000  0.048032  0.097017  0.146002  0.279035
   584.070000  0.000000  0.048809  0.098218  0.147628  0.275284
   586.180000  0.000000  0.049188  0.098976  0.148764  0.275325
   588.290000  0.000000  0.049676  0.100245  0.150815  0.282844
   590.410000  0.000000  0.049659  0.100449  0.151239  0.289436
   592.520000  0.000000  0.050745  0.102608  0.154472  0.292120
   594.640000  0.000000  0.051240  0.103317  0.155394  0.286211
   596.750000  0.000000  0.051659  0.104101  0.156543  0.288889
   598.870000  0.000000  0.052047  0.105041  0.158035  0.292359
   600.990000  0.000000  0.052239  0.105661  0.159084  0.296212
   603.110000  0.000000  0.052438  0.106076  0.159714  0.298389
   605.230000  0.000000  0.053004  0.107187  0.161370  0.298686
   607.350000  0.000000  0.053328  0.107844  0.162360  0.299655
   609.470000  0.000000  0.053688  0.108672  0.163656  0.303273
   611.590000  0.000000  0.053936  0.109409  0.164881  0.309156
   613.720000  0.000000  0.054395  0.110384  0.166374  0.312599
   615.840000  0.000000  0.054527  0.110742  0.166957  0.316588
   617.970000  0.000000  0.054437  0.110655  0.166874  0.317090
   620.090000  0.000000  0.054953  0.111523  0.168093  0.316474
   622.220000  0.000000  0.054984  0.111714  0.168445  0.317685
   624.340000  0.000000  0.055070  0.112050  0.169031  0.326285
   626.470000  0.000000  0.055310  0.112733  0.170156  0.336434
   628.600000  0.000000  0.055710  0.113609  0.171508  0.342324
   630.730000  0.000000  0.055824  0.113892  0.171961  0.346801
   632.860000  0.000000  0.056205  0.114514  0.172824  0.348341
   635.000000  0.000000  0.056639  0.115240  0.173841  0.348835
   637.130000  0.000000  0.056879  0.115584  0.174289  0.348711
   639.260000  0.000000  0.057170  0.116194  0.175217  0.348398
   641.400000  0.000000  0.056914  0.115917  0.174920  0.350692
   643.530000  0.000000  0.057181  0.116488  0.175794  0.356795
   645.670000  0.000000  0.057459  0.117097  0.176735  0.358657
   647.800000  0.000000  0.057422  0.117321  0.177219  0.363180
   649.940000  0.000000  0.057397  0.117544  0.177691  0.368537
   652.080000  0.000000  0.057775  0.118137  0.178500  0.375460
   654.220000  0.000000  0.058185  0.119224  0.180263  0.380426
   656.360000  0.000000  0.057279  0.117741  0.178204  0.393448
   658.500000  0.000000  0.057581  0.118249  0.178917  0.414310
   660.640000  0.000000  0.058589  0.120291  0.181993  0.399758
   662.780000  0.000000  0.058244  0.119547  0.180850  0.395021
   664.930000  0.000000  0.058134  0.119521  0.180908  0.396676
   667.070000  0.000000  0.058391  0.120123  0.181854  0.402472
   669.220000  0.000000  0.058516  0.120617  0.182717  0.406426
   671.360000  0.000000  0.058583  0.120742  0.182902  0.410044
   673.510000  0.000000  0.058755  0.121039  0.183322  0.413780
   675.660000  0.000000  0.058885  0.121382  0.183878  0.416052
   677.810000  0.000000  0.059223  0.121909  0.184595  0.419236
   679.960000  0.000000  0.059395  0.122234  0.185074  0.422995
   682.110000  0.000000  0.059813  0.122818  0.185824  0.427177
   684.260000  0.000000  0.060365  0.123864  0.187363  0.435595
   686.410000  0.000000  0.060643  0.124191  0.187739  0.459312
   688.560000  0.000000  0.059889  0.121672  0.183454  0.494390
   690.720000  0.000000  0.062729  0.126261  0.189793  0.514124
   692.870000  0.000000  0.064221  0.128262  0.192304  0.498818
   695.030000  0.000000  0.065496  0.129555  0.193614  0.484370
   697.180000  0.000000  0.066905  0.131130  0.195356  0.483529
   699.340000  0.000000  0.068284  0.132507  0.196729  0.486105
   701.500000  0.000000  0.069635  0.133769  0.197903  0.494218
   703.660000  0.000000  0.071042  0.135326  0.199609  0.504235
   705.820000  0.000000  0.072859  0.137583  0.202306  0.508988
   707.980000  0.000000  0.073957  0.138705  0.203453  0.511286
   710.140000  0.000000  0.075047  0.139838  0.204628  0.517006
   712.300000  0.000000  0.076221  0.141340  0.206459  0.530953
   714.460000  0.000000  0.077495  0.142781  0.208067  0.546383
   716.630000  0.000000  0.078531  0.144023  0.209515  0.549500
   718.790000  0.000000  0.078327  0.142924  0.207522  0.541086
   720.960000  0.000000  0.080124  0.145281  0.210438  0.547839
   723.130000  0.000000  0.083076  0.150375  0.217674  0.562693
   725.290000  0.000000  0.083221  0.150304  0.217387  0.582617
   727.460000  0.000000  0.083758  0.150859  0.217959  0.561535
   729.630000  0.000000  0.083174  0.149293  0.215412  0.552058
   731.800000  0.000000  0.084278  0.150610  0.216942  0.564368
   733.970000  0.000000  0.085433  0.152479  0.219525  0.562844
   736.140000  0.000000  0.086000  0.153325  0.220650  0.544066
   738.310000  0.000000  0.086623  0.153956  0.221289  0.570325
   740.490000  0.000000  0.087367  0.154913  0.222459  0.553202
   742.660000  0.000000  0.088215  0.156092  0.223968  0.567720
   744.840000  0.000000  0.089143  0.157335  0.225527  0.581699
   747.010000  0.000000  0.089705  0.158141  0.226578  0.563525
   749.190000  0.000000  0.090067  0.158688  0.227309  0.546812
   751.370000  0.000000  0.090529  0.158730  0.226930  0.563050
   753.540000  0.000000  0.091233  0.159709  0.228185  0.574131
   755.720000  0.000000  0.092307  0.161236  0.230165  0.579367
   757.900000  0.000000  0.093904  0.164167  0.234430  0.587748
   760.080000  0.000000  0.089339  0.156317  0.223295  0.533279
   762.270000  0.000000  0.082629  0.141831  0.201032  0.480684
   764.450000  0.000000  0.096156  0.163831  0.231506  0.564018
   766.630000  0.000000  0.098044  0.167303  0.236562  0.595978
   768.820000  0.000000  0.098178  0.168522  0.238867  0.580739
   771.000000  0.000000  0.096355  0.165845  0.235335  0.573176
   773.190000  0.000000  0.096235  0.165331  0.234427  0.592054
   775.370000  0.000000  0.096654  0.165469  0.234284  0.570602
   777.560000  0.000000  0.097193  0.166170  0.235147  0.570229
   779.750000  0.000000  0.097604  0.166595  0.235586  0.586652
   781.940000  0.000000  0.098027  0.167064  0.236100  0.572918
   784.130000  0.000000  0.098409  0.167311  0.236213  0.548233
   786.320000  0.000000  0.099323  0.168478  0.237633  0.546598
   788.510000  0.000000  0.099675  0.168702  0.237729  0.556236
   790.700000  0.000000  0.100273  0.169347  0.238421  0.584757
   792.900000  0.000000  0.100782  0.169743  0.238705  0.582040
   795.090000  0.000000  0.101033  0.170064  0.239095  0.563924
   797.290000  0.000000  0.102062  0.171512  0.240962  0.593154
   799.480000  0.000000  0.102482  0.171619  0.240756  0.573657
   801.680000  0.000000  0.102816  0.171784  0.240752  0.582600
   803.880000  0.000000  0.103248  0.172537  0.241826  0.571716
   806.080000  0.000000  0.103983  0.173138  0.242292  0.575326
   808.280000  0.000000  0.104485  0.173820  0.243155  0.554985
   810.480000  0.000000  0.104692  0.174262  0.243833  0.567987
   812.680000  0.000000  0.105795  0.175295  0.244794  0.576156
   814.880000  0.000000  0.105305  0.174565  0.243826  0.567202
   817.080000  0.000000  0.105695  0.174595  0.243495  0.590907
   819.290000  0.000000  0.106507  0.175556  0.244605  0.565048
   821.490000  0.000000  0.107932  0.177454  0.246976  0.584981
   823.700000  0.000000  0.107156  0.176021  0.244886  0.581309
   825.900000  0.000000  0.109471  0.179281  0.249091  0.572026
   828.110000  0.000000  0.108707  0.178081  0.247455  0.573925
   830.320000  0.000000  0.108915  0.178292  0.247669  0.595229
   832.530000  0.000000  0.110002  0.179557  0.249112  0.582476
   834.740000  0.000000  0.110013  0.179696  0.249379  0.589212
   836.950000  0.000000  0.111437  0.181251  0.251065  0.571024
   839.160000  0.000000  0.111562  0.181398  0.251233  0.586703
   841.370000  0.000000  0.112047  0.181577  0.251107  0.581963
   843.580000  0.000000  0.112074  0.181601  0.251127  0.595051
   845.800000  0.000000  0.112974  0.182835  0.252696  0.616857
   848.010000  0.000000  0.113106  0.183017  0.252927  0.599909
   850.230000  0.000000  0.112961  0.182269  0.251576  0.563371
   852.440000  0.000000  0.113832  0.183715  0.253599  0.597855
   854.660000  0.000000  0.113332  0.182068  0.250803  0.565250
   856.880000  0.000000  0.115727  0.185468  0.255208  0.584699
   859.100000  0.000000  0.115848  0.186076  0.256304  0.585455
   861.320000  0.000000  0.115872  0.185787  0.255703  0.589043
   863.540000  0.000000  0.116370  0.186525  0.256679  0.582489
   865.760000  0.000000  0.116352  0.185907  0.255463  0.607508
   867.980000  0.000000  0.116216  0.185263  0.254310  0.587614
   870.200000  0.000000  0.118916  0.189331  0.259746  0.614514
   872.430000  0.000000  0.118796  0.188983  0.259171  0.569964
   874.650000  0.000000  0.118886  0.189210  0.259534  0.601244
   876.880000  0.000000  0.119737  0.190233  0.260729  0.576546
   879.110000  0.000000  0.120135  0.190614  0.261093  0.593332
   881.330000  0.000000  0.120198  0.190548  0.260897  0.588750
   883.560000  0.000000  0.121119  0.191371  0.261623  0.560133
   885.790000  0.000000  0.121256  0.191222  0.261188  0.576982
   888.020000  0.000000  0.121502  0.191699  0.261897  0.592584
   890.250000  0.000000  0.122049  0.192525  0.263000  0.585700
   892.480000  0.000000  0.122114  0.192346  0.262578  0.583463
   894.710000  0.000000  0.122620  0.192911  0.263202  0.610065
   896.950000  0.000000  0.122747  0.192933  0.263119  0.618724
   899.180000  0.000000  0.121626  0.191426  0.261226  0.610860
   901.420000  0.000000  0.123058  0.192727  0.262395  0.607456
   903.650000  0.000000  0.124450  0.195139  0.265827  0.590449
   905.890000  0.000000  0.125878  0.196833  0.267787  0.607386
   908.130000  0.000000  0.124390  0.194507  0.264624  0.563848
   910.370000  0.000000  0.125409  0.195585  0.265761  0.573252
   912.600000  0.000000  0.126423  0.196627  0.266830  0.600975
   914.840000  0.000000  0.126163  0.196719  0.267274  0.597867
   917.090000  0.000000  0.125887  0.196092  0.266296  0.598813
   919.330000  0.000000  0.126337  0.196697  0.267058  0.570471
   921.570000  0.000000  0.128503  0.200058  0.271612  0.587200
   923.810000  0.000000  0.127153  0.197780  0.268407  0.596634
   926.060000  0.000000  0.127996  0.198674  0.269353  0.565600
   928.300000  0.000000  0.128258  0.200007  0.271757  0.632623
   930.550000  0.000000  0.126327  0.197032  0.267737  0.608529
   932.800000  0.000000  0.124182  0.192794  0.261407  0.565366
   935.040000  0.000000  0.126114  0.194800  0.263486  0.572508
   937.290000  0.000000  0.129201  0.200025  0.270849  0.603368
   939.540000  0.000000  0.127154  0.198221  0.269289  0.614998
   941.790000  0.000000  0.128593  0.200212  0.271831  0.593791
   944.040000  0.000000  0.128079  0.199646  0.271212  0.594685
   946.290000  0.000000  0.126248  0.197669  0.269090  0.573150
   948.550000  0.000000  0.126024  0.197933  0.269842  0.622732
   950.800000  0.000000  0.128079  0.199893  0.271708  0.632790
   953.060000  0.000000  0.127990  0.200427  0.272863  0.602220
   955.310000  0.000000  0.128418  0.200784  0.273149  0.584486
   957.570000  0.000000  0.128681  0.202536  0.276391  0.597992
   959.820000  0.000000  0.128969  0.202792  0.276614  0.628089
   962.080000  0.000000  0.127230  0.201050  0.274870  0.588115
   964.340000  0.000000  0.129090  0.202930  0.276769  0.597057
   966.600000  0.000000  0.130273  0.205235  0.280196  0.589470
   968.860000  0.000000  0.131733  0.206021  0.280310  0.674229
   971.120000  0.000000  0.131792  0.206564  0.281335  0.667875
   973.380000  0.000000  0.130942  0.206005  0.281068  0.632923
   975.650000  0.000000  0.126855  0.203080  0.279306  0.563585
   977.910000  0.000000  0.127151  0.202988  0.278824  0.579896
   980.180000  0.000000  0.129048  0.204436  0.279824  0.709878
   982.440000  0.000000  0.126993  0.204535  0.282078  0.590248
   984.710000  0.000000  0.124317  0.200565  0.276814  0.565952
   986.970000  0.000000  0.128664  0.206374  0.284084  0.583841
   989.240000  0.000000  0.126808  0.205188  0.283567  0.664654
   991.510000  0.000000  0.124308  0.203543  0.282777  0.600961
   993.780000  0.000000  0.123294  0.202906  0.282518  0.601217
   996.050000  0.000000  0.122829  0.203998  0.285167  0.606818
   998.320000  0.000000  0.124566  0.207412  0.290259  0.580835
  1000.590000  0.000000  0.120619  0.203763  0.286906  0.614459
  1002.870000  0.000000  0.116776  0.199078  0.281379  0.595153
  1005.140000  0.000000  0.120926  0.208464  0.296001  0.620179
  1007.420000  0.000000  0.116501  0.204892  0.293282  0.592507
  1009.690000  0.000000  0.113956  0.201023  0.288091  0.641599
  1011.970000  0.000000  0.110839  0.198902  0.286966  0.553751
  1014.250000  0.000000  0.109290  0.202124  0.294958  0.714814
  1016.520000  0.000000  0.108966  0.201673  0.294380  0.605748
  1018.800000  0.000000  0.106817  0.200188  0.293559  0.656828
  1021.080000  0.000000  0.103253  0.199989  0.296724  0.590849
  1023.360000  0.000000  0.096753  0.195101  0.293448  0.640311
  1025.650000  0.000000  0.095995  0.196302  0.296609  0.663717
