ENVI ASCII Plot File [Sun Jul 30 11:31:32 2023]
Column 1: Wavelength
Column 2: Min: ROI #5~~2##255,0,0
Column 3: Mean-StdDev: ROI #5~~21##0,200,0
Column 4: Mean: ROI #5~~0##0,0,0
Column 5: Mean+StdDev: ROI #5~~21##0,200,0
Column 6: Max: ROI #5~~2##255,0,0
   381.170000  0.000000  0.053824  0.119216  0.184609  0.323013
   383.200000  0.000000  0.052364  0.113501  0.174638  0.295941
   385.230000  0.000000  0.057904  0.121057  0.184210  0.332447
   387.260000  0.000000  0.055970  0.115939  0.175907  0.367175
   389.290000  0.000000  0.055221  0.112956  0.170692  0.357599
   391.330000  0.000000  0.052110  0.106611  0.161112  0.379510
   393.360000  0.000000  0.043915  0.090528  0.137141  0.351916
   395.390000  0.000000  0.043523  0.089590  0.135658  0.347698
   397.430000  0.000000  0.038278  0.079530  0.120782  0.328415
   399.470000  0.000000  0.035952  0.075800  0.115648  0.327944
   401.500000  0.000000  0.032531  0.069424  0.106317  0.315789
   403.540000  0.000000  0.030052  0.064778  0.099504  0.307097
   405.580000  0.000000  0.028277  0.061529  0.094780  0.316111
   407.620000  0.000000  0.027077  0.059406  0.091736  0.305140
   409.660000  0.000000  0.025763  0.057126  0.088489  0.292812
   411.700000  0.000000  0.024819  0.055592  0.086365  0.298765
   413.740000  0.000000  0.023767  0.053775  0.083783  0.285773
   415.780000  0.000000  0.023133  0.052690  0.082247  0.284307
   417.830000  0.000000  0.022577  0.051808  0.081040  0.285469
   419.870000  0.000000  0.022406  0.051697  0.080988  0.283353
   421.920000  0.000000  0.022115  0.051537  0.080959  0.293894
   423.960000  0.000000  0.022170  0.051835  0.081500  0.292408
   426.010000  0.000000  0.022115  0.052075  0.082036  0.292939
   428.060000  0.000000  0.021891  0.051976  0.082061  0.299408
   430.110000  0.000000  0.022125  0.052633  0.083142  0.295536
   432.160000  0.000000  0.022482  0.053479  0.084477  0.303351
   434.210000  0.000000  0.022195  0.053425  0.084654  0.290990
   436.260000  0.000000  0.022156  0.053600  0.085045  0.307526
   438.310000  0.000000  0.022086  0.053810  0.085535  0.310553
   440.360000  0.000000  0.022432  0.054698  0.086964  0.306018
   442.420000  0.000000  0.022395  0.054985  0.087574  0.313695
   444.470000  0.000000  0.022436  0.055456  0.088477  0.315092
   446.530000  0.000000  0.022718  0.056346  0.089973  0.324699
   448.590000  0.000000  0.022861  0.056980  0.091098  0.315776
   450.640000  0.000000  0.022939  0.057439  0.091939  0.325871
   452.700000  0.000000  0.023100  0.058152  0.093205  0.330617
   454.760000  0.000000  0.023521  0.059208  0.094894  0.340484
   456.820000  0.000000  0.023509  0.059516  0.095523  0.349144
   458.880000  0.000000  0.023663  0.060167  0.096670  0.338326
   460.940000  0.000000  0.023848  0.060685  0.097522  0.347597
   463.000000  0.000000  0.023785  0.060961  0.098138  0.366367
   465.070000  0.000000  0.023922  0.061380  0.098839  0.355380
   467.130000  0.000000  0.024064  0.061906  0.099748  0.349583
   469.200000  0.000000  0.024178  0.062320  0.100462  0.354055
   471.260000  0.000000  0.024365  0.062920  0.101475  0.364941
   473.330000  0.000000  0.024520  0.063497  0.102474  0.367649
   475.400000  0.000000  0.024622  0.063945  0.103267  0.363394
   477.460000  0.000000  0.024712  0.064277  0.103842  0.359839
   479.530000  0.000000  0.024855  0.064835  0.104815  0.352134
   481.600000  0.000000  0.024994  0.065218  0.105442  0.345017
   483.670000  0.000000  0.024949  0.065336  0.105722  0.341588
   485.750000  0.000000  0.025209  0.066078  0.106948  0.352670
   487.820000  0.000000  0.025556  0.066875  0.108195  0.375525
   489.890000  0.000000  0.025547  0.067171  0.108795  0.353450
   491.970000  0.000000  0.025708  0.067709  0.109710  0.344890
   494.040000  0.000000  0.026041  0.068460  0.110878  0.349120
   496.120000  0.000000  0.026249  0.069152  0.112055  0.339831
   498.190000  0.000000  0.026319  0.069359  0.112399  0.334484
   500.270000  0.000000  0.026311  0.069436  0.112560  0.338301
   502.350000  0.000000  0.026447  0.069924  0.113400  0.346823
   504.430000  0.000000  0.026812  0.070861  0.114911  0.347311
   506.510000  0.000000  0.026975  0.071341  0.115708  0.344061
   508.590000  0.000000  0.027210  0.071927  0.116644  0.343600
   510.670000  0.000000  0.027426  0.072556  0.117686  0.348652
   512.750000  0.000000  0.027571  0.072961  0.118351  0.348076
   514.840000  0.000000  0.027627  0.073111  0.118596  0.354998
   516.920000  0.000000  0.027967  0.074007  0.120048  0.362449
   519.010000  0.000000  0.028260  0.074681  0.121103  0.383706
   521.090000  0.000000  0.028760  0.076023  0.123286  0.373188
   523.180000  0.000000  0.028890  0.076298  0.123706  0.359928
   525.270000  0.000000  0.029073  0.076736  0.124399  0.356637
   527.360000  0.000000  0.029263  0.077230  0.125197  0.359571
   529.450000  0.000000  0.029708  0.078331  0.126955  0.364779
   531.540000  0.000000  0.029939  0.078990  0.128041  0.350121
   533.630000  0.000000  0.030194  0.079616  0.129038  0.353948
   535.720000  0.000000  0.030571  0.080752  0.130934  0.358932
   537.810000  0.000000  0.030782  0.081439  0.132095  0.354793
   539.910000  0.000000  0.031096  0.082433  0.133769  0.360260
   542.000000  0.000000  0.031437  0.083366  0.135296  0.366450
   544.090000  0.000000  0.032135  0.085286  0.138437  0.364930
   546.190000  0.000000  0.032602  0.086693  0.140783  0.360976
   548.290000  0.000000  0.032924  0.087711  0.142498  0.359313
   550.390000  0.000000  0.033192  0.088770  0.144347  0.357448
   552.480000  0.000000  0.033463  0.089820  0.146177  0.360592
   554.580000  0.000000  0.033835  0.091300  0.148765  0.371066
   556.680000  0.000000  0.034382  0.093153  0.151924  0.378170
   558.790000  0.000000  0.034850  0.094913  0.154975  0.392117
   560.890000  0.000000  0.035516  0.097262  0.159009  0.402367
   562.990000  0.000000  0.036226  0.099700  0.163174  0.401005
   565.090000  0.000000  0.036670  0.101558  0.166446  0.401938
   567.200000  0.000000  0.037073  0.103319  0.169565  0.405845
   569.310000  0.000000  0.037623  0.105607  0.173590  0.411588
   571.410000  0.000000  0.037945  0.107389  0.176834  0.419164
   573.520000  0.000000  0.038516  0.109978  0.181440  0.423716
   575.630000  0.000000  0.038936  0.111896  0.184857  0.418693
   577.740000  0.000000  0.039413  0.114082  0.188751  0.426252
   579.850000  0.000000  0.039881  0.116267  0.192653  0.430340
   581.960000  0.000000  0.040449  0.118725  0.197001  0.427990
   584.070000  0.000000  0.040899  0.120824  0.200750  0.421608
   586.180000  0.000000  0.041005  0.121996  0.202988  0.422900
   588.290000  0.000000  0.041357  0.123879  0.206401  0.435853
   590.410000  0.000000  0.041378  0.124586  0.207793  0.446253
   592.520000  0.000000  0.042399  0.128392  0.214385  0.450983
   594.640000  0.000000  0.042557  0.129229  0.215902  0.442164
   596.750000  0.000000  0.042833  0.130742  0.218652  0.444274
   598.870000  0.000000  0.043204  0.132244  0.221283  0.448461
   600.990000  0.000000  0.043448  0.133280  0.223113  0.456264
   603.110000  0.000000  0.043572  0.134228  0.224883  0.461746
   605.230000  0.000000  0.044075  0.135977  0.227880  0.462946
   607.350000  0.000000  0.044142  0.136627  0.229113  0.461195
   609.470000  0.000000  0.044499  0.138044  0.231589  0.466862
   611.590000  0.000000  0.044899  0.139400  0.233901  0.475249
   613.720000  0.000000  0.045405  0.141077  0.236749  0.480654
   615.840000  0.000000  0.045509  0.141779  0.238049  0.484317
   617.970000  0.000000  0.045517  0.141966  0.238416  0.486380
   620.090000  0.000000  0.045934  0.143410  0.240886  0.486482
   622.220000  0.000000  0.045873  0.143336  0.240798  0.488672
   624.340000  0.000000  0.045926  0.143450  0.240974  0.502375
   626.470000  0.000000  0.046321  0.144698  0.243074  0.519341
   628.600000  0.000000  0.046700  0.145857  0.245014  0.528113
   630.730000  0.000000  0.046980  0.146566  0.246151  0.534017
   632.860000  0.000000  0.047353  0.147573  0.247793  0.538045
   635.000000  0.000000  0.047664  0.148629  0.249594  0.536825
   637.130000  0.000000  0.047869  0.149223  0.250577  0.535200
   639.260000  0.000000  0.048055  0.149853  0.251652  0.536279
   641.400000  0.000000  0.047773  0.149247  0.250721  0.540887
   643.530000  0.000000  0.048110  0.150378  0.252646  0.549536
   645.670000  0.000000  0.048221  0.151048  0.253874  0.551159
   647.800000  0.000000  0.048189  0.151299  0.254408  0.556865
   649.940000  0.000000  0.048323  0.151879  0.255435  0.566558
   652.080000  0.000000  0.048584  0.152751  0.256919  0.574853
   654.220000  0.000000  0.048699  0.153661  0.258624  0.581878
   656.360000  0.000000  0.048079  0.151737  0.255394  0.601611
   658.500000  0.000000  0.048528  0.153165  0.257803  0.627043
   660.640000  0.000000  0.049307  0.156150  0.262993  0.610381
   662.780000  0.000000  0.048688  0.154708  0.260727  0.604624
   664.930000  0.000000  0.048527  0.154529  0.260531  0.609896
   667.070000  0.000000  0.048770  0.155662  0.262555  0.616647
   669.220000  0.000000  0.048922  0.156474  0.264027  0.620075
   671.360000  0.000000  0.048896  0.156580  0.264264  0.624585
   673.510000  0.000000  0.049054  0.157238  0.265422  0.632920
   675.660000  0.000000  0.049274  0.157946  0.266618  0.637649
   677.810000  0.000000  0.049472  0.158594  0.267717  0.641925
   679.960000  0.000000  0.049661  0.159211  0.268761  0.645171
   682.110000  0.000000  0.049951  0.159858  0.269765  0.647698
   684.260000  0.000000  0.050201  0.160630  0.271058  0.660874
   686.410000  0.000000  0.050469  0.160320  0.270171  0.696935
   688.560000  0.000000  0.050041  0.157139  0.264236  0.763286
   690.720000  0.000000  0.053259  0.164931  0.276602  0.798216
   692.870000  0.000000  0.054736  0.167334  0.279932  0.761582
   695.030000  0.000000  0.055802  0.168064  0.280326  0.741051
   697.180000  0.000000  0.057134  0.169729  0.282325  0.741119
   699.340000  0.000000  0.058478  0.171005  0.283532  0.745518
   701.500000  0.000000  0.059778  0.172044  0.284311  0.755274
   703.660000  0.000000  0.061470  0.174409  0.287349  0.768171
   705.820000  0.000000  0.062975  0.176933  0.290892  0.775579
   707.980000  0.000000  0.063848  0.177605  0.291362  0.785076
   710.140000  0.000000  0.064876  0.178761  0.292645  0.800486
   712.300000  0.000000  0.065972  0.180241  0.294511  0.819295
   714.460000  0.000000  0.066874  0.181489  0.296103  0.821927
   716.630000  0.000000  0.067547  0.182327  0.297107  0.846716
   718.790000  0.000000  0.067538  0.180682  0.293825  0.817365
   720.960000  0.000000  0.069847  0.185122  0.300398  0.835079
   723.130000  0.000000  0.073114  0.192495  0.311876  0.869974
   725.290000  0.000000  0.073434  0.192326  0.311217  0.864666
   727.460000  0.000000  0.074051  0.193527  0.313003  0.854467
   729.630000  0.000000  0.073371  0.191046  0.308722  0.851876
   731.800000  0.000000  0.074440  0.192805  0.311169  0.859618
   733.970000  0.000000  0.075538  0.195209  0.314881  0.861925
   736.140000  0.000000  0.075862  0.195672  0.315482  0.875546
   738.310000  0.000000  0.076183  0.195967  0.315751  0.867090
   740.490000  0.000000  0.076854  0.196959  0.317063  0.853426
   742.660000  0.000000  0.077520  0.198250  0.318981  0.876956
   744.840000  0.000000  0.078211  0.199730  0.321249  0.877046
   747.010000  0.000000  0.078720  0.200804  0.322888  0.871774
   749.190000  0.000000  0.078992  0.200938  0.322883  0.860484
   751.370000  0.000000  0.079117  0.200997  0.322877  0.858129
   753.540000  0.000000  0.079771  0.202403  0.325035  0.885753
   755.720000  0.000000  0.080340  0.203431  0.326522  0.872175
   757.900000  0.000000  0.079978  0.203781  0.327584  0.904914
   760.080000  0.000000  0.073924  0.188653  0.303382  0.823208
   762.270000  0.000000  0.070234  0.174580  0.278927  0.756248
   764.450000  0.000000  0.086425  0.214131  0.341838  0.889402
   766.630000  0.000000  0.087864  0.218367  0.348870  0.891707
   768.820000  0.000000  0.086225  0.215598  0.344970  0.889892
   771.000000  0.000000  0.083401  0.209056  0.334710  0.890941
   773.190000  0.000000  0.082941  0.207663  0.332384  0.876380
   775.370000  0.000000  0.082956  0.207581  0.332207  0.882660
   777.560000  0.000000  0.083399  0.208181  0.332962  0.860977
   779.750000  0.000000  0.083379  0.208114  0.332849  0.875532
   781.940000  0.000000  0.083813  0.208708  0.333602  0.879141
   784.130000  0.000000  0.083769  0.208416  0.333064  0.890751
   786.320000  0.000000  0.084464  0.209724  0.334984  0.892704
   788.510000  0.000000  0.084459  0.209690  0.334921  0.882359
   790.700000  0.000000  0.084780  0.210184  0.335587  0.876934
   792.900000  0.000000  0.084898  0.210208  0.335518  0.873745
   795.090000  0.000000  0.085368  0.211047  0.336726  0.875304
   797.290000  0.000000  0.086268  0.212485  0.338703  0.855127
   799.480000  0.000000  0.086276  0.212316  0.338356  0.891825
   801.680000  0.000000  0.086399  0.212385  0.338372  0.893929
   803.880000  0.000000  0.086843  0.213011  0.339178  0.873680
   806.080000  0.000000  0.086967  0.213389  0.339811  0.870705
   808.280000  0.000000  0.087373  0.214127  0.340880  0.872157
   810.480000  0.000000  0.087388  0.213859  0.340330  0.892741
   812.680000  0.000000  0.088014  0.214826  0.341638  0.867830
   814.880000  0.000000  0.087294  0.213016  0.338738  0.886042
   817.080000  0.000000  0.087462  0.212998  0.338534  0.870565
   819.290000  0.000000  0.088470  0.214659  0.340849  0.868706
   821.490000  0.000000  0.089288  0.216618  0.343948  0.857141
   823.700000  0.000000  0.088445  0.214553  0.340661  0.896697
   825.900000  0.000000  0.090583  0.219021  0.347459  0.882014
   828.110000  0.000000  0.089427  0.216171  0.342915  0.863611
   830.320000  0.000000  0.089547  0.216267  0.342987  0.869504
   832.530000  0.000000  0.090391  0.217799  0.345208  0.855460
   834.740000  0.000000  0.090596  0.217957  0.345318  0.855283
   836.950000  0.000000  0.091264  0.219165  0.347066  0.841693
   839.160000  0.000000  0.090992  0.218421  0.345849  0.888929
   841.370000  0.000000  0.091181  0.218571  0.345960  0.867558
   843.580000  0.000000  0.091094  0.218428  0.345763  0.858266
   845.800000  0.000000  0.091709  0.219466  0.347224  0.857277
   848.010000  0.000000  0.091530  0.218889  0.346249  0.877644
   850.230000  0.000000  0.091251  0.217811  0.344371  0.862731
   852.440000  0.000000  0.091990  0.219120  0.346250  0.822285
   854.660000  0.000000  0.091248  0.217130  0.343013  0.852816
   856.880000  0.000000  0.093682  0.222346  0.351010  0.867133
   859.100000  0.000000  0.093380  0.221642  0.349903  0.886421
   861.320000  0.000000  0.092599  0.220134  0.347670  0.876169
   863.540000  0.000000  0.092680  0.220311  0.347942  0.891119
   865.760000  0.000000  0.092518  0.219007  0.345496  0.852342
   867.980000  0.000000  0.092686  0.218964  0.345241  0.857014
   870.200000  0.000000  0.094524  0.223532  0.352540  0.873957
   872.430000  0.000000  0.093773  0.221633  0.349492  0.863548
   874.650000  0.000000  0.094347  0.222404  0.350461  0.834334
   876.880000  0.000000  0.094541  0.222833  0.351125  0.878909
   879.110000  0.000000  0.095197  0.223766  0.352335  0.912599
   881.330000  0.000000  0.094816  0.222717  0.350618  0.841245
   883.560000  0.000000  0.094879  0.223101  0.351323  0.869125
   885.790000  0.000000  0.095333  0.223310  0.351286  0.844710
   888.020000  0.000000  0.095538  0.223618  0.351698  0.844201
   890.250000  0.000000  0.095663  0.223945  0.352228  0.847182
   892.480000  0.000000  0.095062  0.222853  0.350644  0.883838
   894.710000  0.000000  0.094905  0.222466  0.350026  0.853560
   896.950000  0.000000  0.095102  0.221899  0.348696  0.895828
   899.180000  0.000000  0.095520  0.222341  0.349162  0.790329
   901.420000  0.000000  0.096297  0.223688  0.351079  0.794027
   903.650000  0.000000  0.097396  0.226234  0.355072  0.828940
   905.890000  0.000000  0.096840  0.225769  0.354698  0.845132
   908.130000  0.000000  0.096226  0.223477  0.350728  0.839563
   910.370000  0.000000  0.096435  0.224595  0.352755  0.898815
   912.600000  0.000000  0.097348  0.225869  0.354389  0.804082
   914.840000  0.000000  0.097631  0.226001  0.354372  0.843872
   917.090000  0.000000  0.097251  0.224799  0.352347  0.885322
   919.330000  0.000000  0.096637  0.224698  0.352758  0.833177
   921.570000  0.000000  0.098755  0.229082  0.359410  0.879401
   923.810000  0.000000  0.098278  0.226533  0.354788  0.791301
   926.060000  0.000000  0.097674  0.226013  0.354352  0.854353
   928.300000  0.000000  0.097208  0.225006  0.352803  0.835252
   930.550000  0.000000  0.094892  0.219528  0.344164  0.799937
   932.800000  0.000000  0.093439  0.215894  0.338349  0.808233
   935.040000  0.000000  0.094642  0.216970  0.339298  0.812058
   937.290000  0.000000  0.099588  0.228691  0.357794  0.764992
   939.540000  0.000000  0.099113  0.227822  0.356530  0.836286
   941.790000  0.000000  0.097211  0.224993  0.352775  0.764291
   944.040000  0.000000  0.097637  0.223488  0.349340  0.789399
   946.290000  0.000000  0.096044  0.222183  0.348323  0.762705
   948.550000  0.000000  0.096689  0.223401  0.350114  0.766024
   950.800000  0.000000  0.096011  0.222460  0.348910  0.803729
   953.060000  0.000000  0.096266  0.223565  0.350864  0.756338
   955.310000  0.000000  0.096003  0.223907  0.351810  0.749049
   957.570000  0.000000  0.096358  0.224547  0.352736  0.801452
   959.820000  0.000000  0.097158  0.225488  0.353818  0.790397
   962.080000  0.000000  0.097050  0.225553  0.354056  0.755159
   964.340000  0.000000  0.096665  0.226339  0.356013  0.767994
   966.600000  0.000000  0.095842  0.224573  0.353303  0.745822
   968.860000  0.000000  0.097100  0.227978  0.358855  0.858552
   971.120000  0.000000  0.096180  0.225862  0.355543  0.779275
   973.380000  0.000000  0.096210  0.224901  0.353592  0.774135
   975.650000  0.000000  0.097045  0.226527  0.356008  0.835870
   977.910000  0.000000  0.096211  0.224880  0.353549  0.770133
   980.180000  0.000000  0.093774  0.221680  0.349587  0.800156
   982.440000  0.000000  0.095626  0.225440  0.355254  0.781478
   984.710000  0.000000  0.093349  0.221238  0.349126  0.746855
   986.970000  0.000000  0.092381  0.222547  0.352714  0.759355
   989.240000  0.000000  0.092272  0.222252  0.352231  0.755031
   991.510000  0.000000  0.092634  0.222289  0.351944  0.742440
   993.780000  0.000000  0.090520  0.219645  0.348770  0.765452
   996.050000  0.000000  0.091875  0.220333  0.348791  0.729756
   998.320000  0.000000  0.092178  0.224369  0.356561  0.737866
  1000.590000  0.000000  0.087517  0.218191  0.348865  0.739414
  1002.870000  0.000000  0.085050  0.213536  0.342022  0.740096
  1005.140000  0.000000  0.086652  0.220363  0.354075  0.764516
  1007.420000  0.000000  0.086887  0.220440  0.353994  0.734234
  1009.690000  0.000000  0.081506  0.211407  0.341307  0.759712
  1011.970000  0.000000  0.079073  0.210032  0.340991  0.775039
  1014.250000  0.000000  0.079906  0.212881  0.345855  0.686556
  1016.520000  0.000000  0.076061  0.209304  0.342546  0.752419
  1018.800000  0.000000  0.074796  0.206132  0.337469  0.710740
  1021.080000  0.000000  0.073515  0.206384  0.339253  0.780460
  1023.360000  0.000000  0.070055  0.203808  0.337561  0.705986
  1025.650000  0.000000  0.067763  0.203554  0.339346  0.772835
