ENVI ASCII Plot File [Sun Jul 30 11:30:45 2023]
Column 1: Wavelength
Column 2: Min: ROI #5~~2##255,0,0
Column 3: Mean-StdDev: ROI #5~~21##0,200,0
Column 4: Mean: ROI #5~~0##0,0,0
Column 5: Mean+StdDev: ROI #5~~21##0,200,0
Column 6: Max: ROI #5~~2##255,0,0
   381.170000  0.000000  0.063563  0.122613  0.181663  0.590319
   383.200000  0.000000  0.063136  0.120424  0.177712  0.543129
   385.230000  0.000000  0.064503  0.122220  0.179938  0.602342
   387.260000  0.000000  0.061802  0.118262  0.174721  0.810513
   389.290000  0.000000  0.057839  0.113200  0.168560  0.836964
   391.330000  0.000000  0.055153  0.108628  0.162104  0.739686
   393.360000  0.000000  0.047233  0.095118  0.143003  0.909757
   395.390000  0.000000  0.044210  0.090885  0.137560  0.782619
   397.430000  0.000000  0.036873  0.080754  0.124635  0.912735
   399.470000  0.000000  0.033921  0.076198  0.118475  0.827542
   401.500000  0.000000  0.030440  0.070629  0.110818  0.816535
   403.540000  0.000000  0.027532  0.066157  0.104783  0.800433
   405.580000  0.000000  0.025249  0.063102  0.100955  0.863298
   407.620000  0.000000  0.023682  0.060886  0.098090  0.799236
   409.660000  0.000000  0.022383  0.058825  0.095267  0.824710
   411.700000  0.000000  0.021011  0.057221  0.093432  0.859706
   413.740000  0.000000  0.020023  0.055707  0.091391  0.893434
   415.780000  0.000000  0.019224  0.054636  0.090047  0.888233
   417.830000  0.000000  0.018639  0.053913  0.089188  0.888931
   419.870000  0.000000  0.018415  0.053757  0.089098  0.872562
   421.920000  0.000000  0.018607  0.053869  0.089131  0.811339
   423.960000  0.000000  0.018480  0.054056  0.089631  0.792569
   426.010000  0.000000  0.018890  0.054538  0.090186  0.763369
   428.060000  0.000000  0.018990  0.054837  0.090684  0.752076
   430.110000  0.000000  0.018829  0.054916  0.091003  0.773464
   432.160000  0.000000  0.019187  0.055849  0.092510  0.779993
   434.210000  0.000000  0.019826  0.056061  0.092296  0.661773
   436.260000  0.000000  0.020250  0.056484  0.092719  0.626380
   438.310000  0.000000  0.020422  0.056518  0.092614  0.595194
   440.360000  0.000000  0.020605  0.057118  0.093630  0.604678
   442.420000  0.000000  0.021366  0.057643  0.093920  0.555027
   444.470000  0.000000  0.021965  0.058207  0.094449  0.522665
   446.530000  0.000000  0.022280  0.058769  0.095258  0.512036
   448.590000  0.000000  0.022931  0.059607  0.096282  0.490312
   450.640000  0.000000  0.023592  0.060244  0.096896  0.464050
   452.700000  0.000000  0.024050  0.060849  0.097648  0.448298
   454.760000  0.000000  0.024222  0.061617  0.099013  0.457098
   456.820000  0.000000  0.024757  0.062192  0.099627  0.435183
   458.880000  0.000000  0.025149  0.062717  0.100286  0.421073
   460.940000  0.000000  0.025487  0.063236  0.100985  0.414618
   463.000000  0.000000  0.025879  0.063792  0.101706  0.399592
   465.070000  0.000000  0.025992  0.064082  0.102172  0.397597
   467.130000  0.000000  0.026152  0.064571  0.102990  0.401233
   469.200000  0.000000  0.026339  0.064998  0.103657  0.398726
   471.260000  0.000000  0.026593  0.065464  0.104335  0.394019
   473.330000  0.000000  0.026963  0.066106  0.105248  0.383399
   475.400000  0.000000  0.027246  0.066548  0.105849  0.373599
   477.460000  0.000000  0.027443  0.066879  0.106314  0.368437
   479.530000  0.000000  0.027747  0.067443  0.107138  0.360849
   481.600000  0.000000  0.027986  0.067869  0.107753  0.352669
   483.670000  0.000000  0.028182  0.068303  0.108423  0.349811
   485.750000  0.000000  0.028169  0.068739  0.109309  0.362303
   487.820000  0.000000  0.028093  0.069218  0.110342  0.386804
   489.890000  0.000000  0.028759  0.070111  0.111463  0.363841
   491.970000  0.000000  0.029065  0.070424  0.111782  0.348740
   494.040000  0.000000  0.029205  0.070942  0.112679  0.351928
   496.120000  0.000000  0.029637  0.071676  0.113714  0.341842
   498.190000  0.000000  0.029837  0.071991  0.114145  0.337598
   500.270000  0.000000  0.029893  0.072282  0.114671  0.340866
   502.350000  0.000000  0.030012  0.072769  0.115525  0.348505
   504.430000  0.000000  0.030363  0.073615  0.116867  0.351818
   506.510000  0.000000  0.030670  0.074149  0.117628  0.348814
   508.590000  0.000000  0.030933  0.074689  0.118446  0.347788
   510.670000  0.000000  0.031200  0.075386  0.119571  0.352767
   512.750000  0.000000  0.031454  0.075856  0.120258  0.352106
   514.840000  0.000000  0.031557  0.076249  0.120942  0.357213
   516.920000  0.000000  0.031749  0.076979  0.122209  0.370131
   519.010000  0.000000  0.031851  0.077620  0.123390  0.392412
   521.090000  0.000000  0.032571  0.078900  0.125229  0.379122
   523.180000  0.000000  0.032979  0.079268  0.125557  0.362779
   525.270000  0.000000  0.033346  0.079892  0.126438  0.358745
   527.360000  0.000000  0.033534  0.080245  0.126956  0.363159
   529.450000  0.000000  0.033978  0.081364  0.128749  0.371964
   531.540000  0.000000  0.034492  0.082086  0.129681  0.354339
   533.630000  0.000000  0.034754  0.082678  0.130603  0.357263
   535.720000  0.000000  0.035192  0.083834  0.132477  0.361405
   537.810000  0.000000  0.035553  0.084532  0.133510  0.357070
   539.910000  0.000000  0.035828  0.085390  0.134951  0.361970
   542.000000  0.000000  0.036165  0.086250  0.136335  0.368448
   544.090000  0.000000  0.036829  0.087725  0.138622  0.367807
   546.190000  0.000000  0.037395  0.088870  0.140345  0.364302
   548.290000  0.000000  0.037860  0.090006  0.142152  0.361263
   550.390000  0.000000  0.038396  0.091258  0.144120  0.359245
   552.480000  0.000000  0.038831  0.092409  0.145987  0.363042
   554.580000  0.000000  0.039276  0.093860  0.148444  0.372327
   556.680000  0.000000  0.039867  0.095540  0.151213  0.383215
   558.790000  0.000000  0.040335  0.097119  0.153902  0.397871
   560.890000  0.000000  0.040965  0.099106  0.157247  0.407519
   562.990000  0.000000  0.041741  0.101169  0.160598  0.407222
   565.090000  0.000000  0.042371  0.102890  0.163410  0.408194
   567.200000  0.000000  0.042880  0.104575  0.166270  0.412674
   569.310000  0.000000  0.043463  0.106525  0.169588  0.417500
   571.410000  0.000000  0.043911  0.108268  0.172626  0.424317
   573.520000  0.000000  0.044618  0.110568  0.176517  0.427938
   575.630000  0.000000  0.045160  0.112294  0.179428  0.423868
   577.740000  0.000000  0.045697  0.114200  0.182703  0.431082
   579.850000  0.000000  0.046268  0.116094  0.185919  0.436462
   581.960000  0.000000  0.046874  0.118140  0.189405  0.435553
   584.070000  0.000000  0.047422  0.119913  0.192404  0.428976
   586.180000  0.000000  0.047836  0.121245  0.194655  0.430720
   588.290000  0.000000  0.048247  0.122990  0.197733  0.441214
   590.410000  0.000000  0.048497  0.124131  0.199765  0.450986
   592.520000  0.000000  0.049349  0.126803  0.204257  0.456241
   594.640000  0.000000  0.049779  0.127864  0.205949  0.447717
   596.750000  0.000000  0.050224  0.129304  0.208385  0.451438
   598.870000  0.000000  0.050686  0.130721  0.210756  0.457710
   600.990000  0.000000  0.050993  0.131804  0.212615  0.462202
   603.110000  0.000000  0.051271  0.132840  0.214410  0.467792
   605.230000  0.000000  0.051781  0.134190  0.216599  0.466214
   607.350000  0.000000  0.052142  0.135156  0.218171  0.466002
   609.470000  0.000000  0.052475  0.136278  0.220080  0.473354
   611.590000  0.000000  0.052765  0.137344  0.221923  0.482584
   613.720000  0.000000  0.053203  0.138686  0.224168  0.489653
   615.840000  0.000000  0.053513  0.139554  0.225595  0.493862
   617.970000  0.000000  0.053720  0.140050  0.226381  0.495903
   620.090000  0.000000  0.054136  0.141231  0.228327  0.494329
   622.220000  0.000000  0.054267  0.141479  0.228692  0.497052
   624.340000  0.000000  0.054340  0.142024  0.229707  0.509543
   626.470000  0.000000  0.054806  0.143206  0.231606  0.524907
   628.600000  0.000000  0.055149  0.144065  0.232981  0.535650
   630.730000  0.000000  0.055550  0.144877  0.234205  0.544170
   632.860000  0.000000  0.056024  0.145958  0.235892  0.545879
   635.000000  0.000000  0.056417  0.146749  0.237081  0.546751
   637.130000  0.000000  0.056692  0.147360  0.238027  0.545749
   639.260000  0.000000  0.056863  0.147900  0.238938  0.543435
   641.400000  0.000000  0.056811  0.147834  0.238858  0.547190
   643.530000  0.000000  0.056968  0.148643  0.240317  0.557269
   645.670000  0.000000  0.057012  0.149235  0.241458  0.560835
   647.800000  0.000000  0.056962  0.149534  0.242106  0.566475
   649.940000  0.000000  0.057033  0.150108  0.243184  0.574685
   652.080000  0.000000  0.057126  0.150634  0.244143  0.585250
   654.220000  0.000000  0.057274  0.151482  0.245690  0.595660
   656.360000  0.000000  0.056862  0.150704  0.244545  0.615867
   658.500000  0.000000  0.057151  0.151667  0.246182  0.648264
   660.640000  0.000000  0.057629  0.153202  0.248775  0.625734
   662.780000  0.000000  0.057197  0.152571  0.247945  0.616435
   664.930000  0.000000  0.057019  0.152644  0.248268  0.618282
   667.070000  0.000000  0.056993  0.153205  0.249417  0.626390
   669.220000  0.000000  0.056948  0.153740  0.250532  0.634995
   671.360000  0.000000  0.056925  0.153987  0.251049  0.640450
   673.510000  0.000000  0.057019  0.154509  0.251999  0.647310
   675.660000  0.000000  0.057118  0.155122  0.253126  0.651801
   677.810000  0.000000  0.057311  0.155609  0.253907  0.657868
   679.960000  0.000000  0.057650  0.156317  0.254985  0.662639
   682.110000  0.000000  0.058031  0.156977  0.255923  0.668711
   684.260000  0.000000  0.058532  0.158017  0.257502  0.681720
   686.410000  0.000000  0.059032  0.158532  0.258031  0.718291
   688.560000  0.000000  0.059543  0.158142  0.256742  0.787739
   690.720000  0.000000  0.062248  0.163019  0.263791  0.818124
   692.870000  0.000000  0.064315  0.165412  0.266509  0.782758
   695.030000  0.000000  0.066488  0.167343  0.268198  0.762025
   697.180000  0.000000  0.068686  0.169744  0.270801  0.762028
   699.340000  0.000000  0.070933  0.172123  0.273313  0.767089
   701.500000  0.000000  0.073052  0.174268  0.275485  0.777153
   703.660000  0.000000  0.075228  0.176955  0.278683  0.794461
   705.820000  0.000000  0.077279  0.179656  0.282034  0.803442
   707.980000  0.000000  0.078841  0.181472  0.284102  0.810708
   710.140000  0.000000  0.080458  0.183515  0.286572  0.825401
   712.300000  0.000000  0.081974  0.185546  0.289118  0.844314
   714.460000  0.000000  0.083282  0.187634  0.291986  0.868746
   716.630000  0.000000  0.084548  0.189617  0.294686  0.901852
   718.790000  0.000000  0.085284  0.190042  0.294801  0.946367
   720.960000  0.000000  0.086942  0.192926  0.298911  0.999183
   723.130000  0.000000  0.088979  0.197136  0.305292  1.012733
   725.290000  0.000000  0.089996  0.198493  0.306991  1.003253
   727.460000  0.000000  0.091208  0.200533  0.309857  1.003243
   729.630000  0.000000  0.091590  0.200551  0.309513  1.003033
   731.800000  0.000000  0.092592  0.202194  0.311797  1.027236
   733.970000  0.000000  0.093610  0.204237  0.314863  1.039779
   736.140000  0.000000  0.094235  0.205349  0.316462  1.041398
   738.310000  0.000000  0.094776  0.206176  0.317575  1.052557
   740.490000  0.000000  0.095523  0.207672  0.319821  1.074406
   742.660000  0.000000  0.096210  0.208784  0.321359  1.087847
   744.840000  0.000000  0.096900  0.210196  0.323492  1.092541
   747.010000  0.000000  0.097473  0.211250  0.325027  1.105517
   749.190000  0.000000  0.097748  0.211839  0.325930  1.124598
   751.370000  0.000000  0.098103  0.212295  0.326487  1.156467
   753.540000  0.000000  0.098726  0.213596  0.328465  1.186199
   755.720000  0.000000  0.099041  0.214467  0.329894  1.219677
   757.900000  0.000000  0.099460  0.216170  0.332881  1.224140
   760.080000  0.000000  0.096410  0.208826  0.321243  1.193568
   762.270000  0.000000  0.094826  0.200655  0.306483  1.236414
   764.450000  0.000000  0.103616  0.219646  0.335676  1.547347
   766.630000  0.000000  0.104122  0.222321  0.340521  1.438255
   768.820000  0.000000  0.103497  0.222066  0.340634  1.402364
   771.000000  0.000000  0.102540  0.219918  0.337296  1.338328
   773.190000  0.000000  0.102424  0.219441  0.336458  1.320144
   775.370000  0.000000  0.102616  0.219671  0.336726  1.297905
   777.560000  0.000000  0.103024  0.220417  0.337810  1.307596
   779.750000  0.000000  0.103455  0.220689  0.337924  1.253970
   781.940000  0.000000  0.103855  0.221216  0.338578  1.253680
   784.130000  0.000000  0.103923  0.221364  0.338805  1.262328
   786.320000  0.000000  0.104614  0.222221  0.339829  1.299713
   788.510000  0.000000  0.105061  0.222869  0.340678  1.256535
   790.700000  0.000000  0.105094  0.223019  0.340944  1.237093
   792.900000  0.000000  0.105376  0.223237  0.341097  1.258997
   795.090000  0.000000  0.105833  0.224008  0.342183  1.252760
   797.290000  0.000000  0.106484  0.225034  0.343584  1.234434
   799.480000  0.000000  0.106795  0.225485  0.344176  1.228459
   801.680000  0.000000  0.106925  0.225779  0.344632  1.223222
   803.880000  0.000000  0.107422  0.226426  0.345431  1.191750
   806.080000  0.000000  0.107870  0.227059  0.346248  1.231833
   808.280000  0.000000  0.107988  0.227508  0.347027  1.195268
   810.480000  0.000000  0.108454  0.227862  0.347269  1.189383
   812.680000  0.000000  0.108719  0.228290  0.347861  1.161665
   814.880000  0.000000  0.108638  0.227767  0.346896  1.179961
   817.080000  0.000000  0.108984  0.227863  0.346743  1.152608
   819.290000  0.000000  0.109283  0.228523  0.347764  1.168559
   821.490000  0.000000  0.110032  0.229754  0.349476  1.193468
   823.700000  0.000000  0.109961  0.229201  0.348442  1.196086
   825.900000  0.000000  0.111158  0.231435  0.351713  1.152899
   828.110000  0.000000  0.110629  0.230480  0.350330  1.177828
   830.320000  0.000000  0.110786  0.230441  0.350097  1.183161
   832.530000  0.000000  0.111555  0.231912  0.352269  1.168193
   834.740000  0.000000  0.111868  0.232181  0.352494  1.193164
   836.950000  0.000000  0.112189  0.232748  0.353307  1.196294
   839.160000  0.000000  0.112315  0.232871  0.353428  1.197976
   841.370000  0.000000  0.112620  0.233040  0.353459  1.178899
   843.580000  0.000000  0.112668  0.233283  0.353898  1.176290
   845.800000  0.000000  0.113508  0.234407  0.355306  1.194422
   848.010000  0.000000  0.113318  0.234035  0.354752  1.152201
   850.230000  0.000000  0.113321  0.233738  0.354156  1.166234
   852.440000  0.000000  0.113933  0.234427  0.354922  1.176454
   854.660000  0.000000  0.113733  0.233517  0.353301  1.189561
   856.880000  0.000000  0.115300  0.236737  0.358174  1.189288
   859.100000  0.000000  0.115100  0.236333  0.357567  1.175246
   861.320000  0.000000  0.115031  0.236203  0.357375  1.151622
   863.540000  0.000000  0.115515  0.236869  0.358222  1.145467
   865.760000  0.000000  0.115362  0.236108  0.356855  1.143824
   867.980000  0.000000  0.115535  0.235849  0.356163  1.205011
   870.200000  0.000000  0.116746  0.238601  0.360455  1.184986
   872.430000  0.000000  0.116342  0.237887  0.359433  1.165733
   874.650000  0.000000  0.117103  0.238775  0.360447  1.186400
   876.880000  0.000000  0.117512  0.239199  0.360887  1.192339
   879.110000  0.000000  0.117762  0.239735  0.361708  1.135825
   881.330000  0.000000  0.117940  0.239509  0.361078  1.145504
   883.560000  0.000000  0.118132  0.240000  0.361868  1.164800
   885.790000  0.000000  0.117973  0.239730  0.361486  1.175701
   888.020000  0.000000  0.118675  0.240496  0.362318  1.192527
   890.250000  0.000000  0.119312  0.241439  0.363567  1.140431
   892.480000  0.000000  0.118933  0.240372  0.361810  1.176031
   894.710000  0.000000  0.119014  0.240877  0.362740  1.226132
   896.950000  0.000000  0.119583  0.240942  0.362300  1.170824
   899.180000  0.000000  0.119433  0.240360  0.361287  1.128405
   901.420000  0.000000  0.120127  0.241053  0.361978  1.107816
   903.650000  0.000000  0.121212  0.243058  0.364904  1.115938
   905.890000  0.000000  0.120860  0.243486  0.366112  1.127409
   908.130000  0.000000  0.121874  0.243419  0.364963  1.090022
   910.370000  0.000000  0.121815  0.243574  0.365333  1.154079
   912.600000  0.000000  0.122371  0.244703  0.367034  1.129314
   914.840000  0.000000  0.121658  0.243569  0.365481  1.171708
   917.090000  0.000000  0.121337  0.242171  0.363004  1.112372
   919.330000  0.000000  0.122149  0.243624  0.365098  1.132565
   921.570000  0.000000  0.123697  0.247113  0.370528  1.180498
   923.810000  0.000000  0.122502  0.243888  0.365274  1.114317
   926.060000  0.000000  0.122742  0.244580  0.366418  1.062490
   928.300000  0.000000  0.123517  0.245778  0.368039  1.136605
   930.550000  0.000000  0.122647  0.243794  0.364941  1.024937
   932.800000  0.000000  0.121194  0.238567  0.355941  0.971375
   935.040000  0.000000  0.121392  0.238275  0.355157  1.025403
   937.290000  0.000000  0.125334  0.245811  0.366288  1.131485
   939.540000  0.000000  0.124932  0.245867  0.366801  0.982371
   941.790000  0.000000  0.123730  0.244908  0.366085  1.065162
   944.040000  0.000000  0.123809  0.244307  0.364805  1.038966
   946.290000  0.000000  0.123369  0.242536  0.361704  1.083216
   948.550000  0.000000  0.123142  0.242935  0.362728  1.029053
   950.800000  0.000000  0.122585  0.242026  0.361468  1.077557
   953.060000  0.000000  0.124630  0.244750  0.364870  1.057068
   955.310000  0.000000  0.122700  0.243053  0.363405  1.057749
   957.570000  0.000000  0.123873  0.244660  0.365447  1.027364
   959.820000  0.000000  0.124239  0.245254  0.366270  1.147403
   962.080000  0.000000  0.124172  0.245144  0.366117  1.018921
   964.340000  0.000000  0.123355  0.245022  0.366688  1.083389
   966.600000  0.000000  0.123354  0.244957  0.366560  1.029546
   968.860000  0.000000  0.125137  0.248593  0.372049  1.044839
   971.120000  0.000000  0.123484  0.245579  0.367674  1.051328
   973.380000  0.000000  0.123312  0.245260  0.367208  1.022036
   975.650000  0.000000  0.125335  0.247013  0.368690  0.967296
   977.910000  0.000000  0.122023  0.243717  0.365412  1.007967
   980.180000  0.000000  0.121296  0.241730  0.362164  1.049549
   982.440000  0.000000  0.123767  0.247043  0.370320  1.092458
   984.710000  0.000000  0.120123  0.240259  0.360395  1.159341
   986.970000  0.000000  0.122946  0.244226  0.365505  0.974604
   989.240000  0.000000  0.121493  0.243328  0.365163  0.995342
   991.510000  0.000000  0.121649  0.244472  0.367294  1.007395
   993.780000  0.000000  0.120704  0.242254  0.363804  0.907630
   996.050000  0.000000  0.121535  0.244354  0.367173  0.993691
   998.320000  0.000000  0.121879  0.247590  0.373302  1.096864
  1000.590000  0.000000  0.118986  0.241233  0.363479  0.916770
  1002.870000  0.000000  0.115455  0.237039  0.358624  0.872697
  1005.140000  0.000000  0.116848  0.242607  0.368365  0.897146
  1007.420000  0.000000  0.116463  0.242892  0.369322  0.875892
  1009.690000  0.000000  0.113003  0.237275  0.361546  0.860768
  1011.970000  0.000000  0.111087  0.235463  0.359839  0.889544
  1014.250000  0.000000  0.111809  0.238881  0.365952  0.893535
  1016.520000  0.000000  0.108912  0.235001  0.361091  0.937217
  1018.800000  0.000000  0.104360  0.229070  0.353780  0.904472
  1021.080000  0.000000  0.105889  0.233886  0.361882  0.936790
  1023.360000  0.000000  0.102041  0.230385  0.358729  0.851161
  1025.650000  0.000000  0.101034  0.230167  0.359300  0.917851
