ENVI ASCII Plot File [Sun Jul 30 11:29:00 2023]
Column 1: Wavelength
Column 2: Min: ROI #5~~2##255,0,0
Column 3: Mean-StdDev: ROI #5~~21##0,200,0
Column 4: Mean: ROI #5~~0##0,0,0
Column 5: Mean+StdDev: ROI #5~~21##0,200,0
Column 6: Max: ROI #5~~2##255,0,0
   381.170000  0.000000  0.022584  0.091248  0.159913  0.323013
   383.200000  0.000000  0.022674  0.087670  0.152666  0.319890
   385.230000  0.000000  0.024622  0.090704  0.156786  0.323566
   387.260000  0.000000  0.024669  0.088068  0.151468  0.280038
   389.290000  0.000000  0.024460  0.086008  0.147555  0.265490
   391.330000  0.000000  0.022777  0.081041  0.139304  0.283797
   393.360000  0.000000  0.019776  0.070220  0.120663  0.238342
   395.390000  0.000000  0.018527  0.067856  0.117184  0.251734
   397.430000  0.000000  0.016061  0.060534  0.105007  0.259008
   399.470000  0.000000  0.014526  0.057065  0.099605  0.280747
   401.500000  0.000000  0.012894  0.052282  0.091671  0.297310
   403.540000  0.000000  0.011579  0.048857  0.086135  0.323599
   405.580000  0.000000  0.010630  0.046618  0.082605  0.303911
   407.620000  0.000000  0.009983  0.045022  0.080060  0.329441
   409.660000  0.000000  0.009221  0.043346  0.077472  0.336513
   411.700000  0.000000  0.008616  0.042213  0.075810  0.340387
   413.740000  0.000000  0.008047  0.040868  0.073689  0.336635
   415.780000  0.000000  0.007573  0.040059  0.072546  0.359035
   417.830000  0.000000  0.007187  0.039442  0.071697  0.363351
   419.870000  0.000000  0.006983  0.039340  0.071697  0.377485
   421.920000  0.000000  0.006778  0.039319  0.071860  0.377720
   423.960000  0.000000  0.006615  0.039405  0.072194  0.383655
   426.010000  0.000000  0.006456  0.039607  0.072758  0.393270
   428.060000  0.000000  0.006277  0.039669  0.073060  0.402022
   430.110000  0.000000  0.006182  0.039902  0.073622  0.408090
   432.160000  0.000000  0.006377  0.040926  0.075475  0.407378
   434.210000  0.000000  0.005985  0.040593  0.075200  0.416984
   436.260000  0.000000  0.005944  0.040919  0.075893  0.395095
   438.310000  0.000000  0.005828  0.040836  0.075844  0.375137
   440.360000  0.000000  0.005959  0.041624  0.077290  0.379281
   442.420000  0.000000  0.005847  0.041812  0.077777  0.350065
   444.470000  0.000000  0.005813  0.042130  0.078446  0.332480
   446.530000  0.000000  0.005866  0.042669  0.079471  0.326834
   448.590000  0.000000  0.005892  0.043204  0.080516  0.312084
   450.640000  0.000000  0.005925  0.043615  0.081305  0.294815
   452.700000  0.000000  0.005923  0.044046  0.082170  0.284889
   454.760000  0.000000  0.006010  0.044778  0.083545  0.289723
   456.820000  0.000000  0.005998  0.045083  0.084168  0.276109
   458.880000  0.000000  0.006020  0.045431  0.084842  0.268249
   460.940000  0.000000  0.006047  0.045902  0.085756  0.272134
   463.000000  0.000000  0.006034  0.046101  0.086168  0.258154
   465.070000  0.000000  0.006022  0.046316  0.086610  0.276235
   467.130000  0.000000  0.006059  0.046698  0.087338  0.266998
   469.200000  0.000000  0.006054  0.047065  0.088075  0.271673
   471.260000  0.000000  0.006116  0.047495  0.088874  0.274767
   473.330000  0.000000  0.006120  0.047943  0.089766  0.274765
   475.400000  0.000000  0.006121  0.048189  0.090257  0.280776
   477.460000  0.000000  0.006124  0.048451  0.090779  0.273657
   479.530000  0.000000  0.006182  0.048854  0.091527  0.280437
   481.600000  0.000000  0.006204  0.049114  0.092023  0.278312
   483.670000  0.000000  0.006154  0.049223  0.092292  0.277002
   485.750000  0.000000  0.006146  0.049670  0.093195  0.291571
   487.820000  0.000000  0.006221  0.050353  0.094485  0.290936
   489.890000  0.000000  0.006277  0.050697  0.095117  0.274210
   491.970000  0.000000  0.006335  0.050884  0.095433  0.281361
   494.040000  0.000000  0.006414  0.051427  0.096441  0.283241
   496.120000  0.000000  0.006532  0.051854  0.097176  0.276638
   498.190000  0.000000  0.006511  0.051955  0.097399  0.273775
   500.270000  0.000000  0.006493  0.052045  0.097598  0.276337
   502.350000  0.000000  0.006510  0.052449  0.098387  0.283018
   504.430000  0.000000  0.006587  0.052996  0.099405  0.284676
   506.510000  0.000000  0.006659  0.053368  0.100077  0.281588
   508.590000  0.000000  0.006711  0.053708  0.100706  0.281830
   510.670000  0.000000  0.006776  0.054133  0.101489  0.286169
   512.750000  0.000000  0.006782  0.054312  0.101842  0.284968
   514.840000  0.000000  0.006795  0.054499  0.102204  0.289458
   516.920000  0.000000  0.006813  0.055080  0.103347  0.299291
   519.010000  0.000000  0.006831  0.055681  0.104531  0.314430
   521.090000  0.000000  0.007037  0.056542  0.106046  0.306729
   523.180000  0.000000  0.007132  0.056540  0.105948  0.293631
   525.270000  0.000000  0.007202  0.056904  0.106605  0.290857
   527.360000  0.000000  0.007257  0.057105  0.106953  0.293452
   529.450000  0.000000  0.007353  0.057952  0.108552  0.299876
   531.540000  0.000000  0.007512  0.058252  0.108991  0.287305
   533.630000  0.000000  0.007555  0.058634  0.109712  0.289366
   535.720000  0.000000  0.007678  0.059387  0.111096  0.293832
   537.810000  0.000000  0.007779  0.059689  0.111599  0.290431
   539.910000  0.000000  0.007892  0.060299  0.112706  0.294721
   542.000000  0.000000  0.007985  0.060860  0.113735  0.300100
   544.090000  0.000000  0.008227  0.061954  0.115682  0.299577
   546.190000  0.000000  0.008412  0.062659  0.116905  0.295830
   548.290000  0.000000  0.008597  0.063232  0.117867  0.293223
   550.390000  0.000000  0.008699  0.063776  0.118854  0.292370
   552.480000  0.000000  0.008827  0.064376  0.119926  0.295134
   554.580000  0.000000  0.008933  0.065247  0.121561  0.302714
   556.680000  0.000000  0.009058  0.066259  0.123461  0.309448
   558.790000  0.000000  0.009168  0.067268  0.125368  0.320238
   560.890000  0.000000  0.009372  0.068635  0.127898  0.329405
   562.990000  0.000000  0.009594  0.069930  0.130266  0.330268
   565.090000  0.000000  0.009729  0.070924  0.132120  0.330543
   567.200000  0.000000  0.009878  0.071851  0.133824  0.333732
   569.310000  0.000000  0.010049  0.073052  0.136054  0.338778
   571.410000  0.000000  0.010117  0.074025  0.137932  0.343395
   573.520000  0.000000  0.010235  0.075491  0.140747  0.346376
   575.630000  0.000000  0.010367  0.076415  0.142462  0.344622
   577.740000  0.000000  0.010430  0.077564  0.144699  0.350346
   579.850000  0.000000  0.010544  0.078696  0.146849  0.353539
   581.960000  0.000000  0.010664  0.079916  0.149169  0.353302
   584.070000  0.000000  0.010814  0.080912  0.151010  0.348515
   586.180000  0.000000  0.010803  0.081500  0.152196  0.347884
   588.290000  0.000000  0.010802  0.082535  0.154268  0.356773
   590.410000  0.000000  0.010707  0.082956  0.155206  0.367235
   592.520000  0.000000  0.010944  0.084973  0.159002  0.370633
   594.640000  0.000000  0.010957  0.085341  0.159724  0.363994
   596.750000  0.000000  0.011023  0.086145  0.161267  0.367517
   598.870000  0.000000  0.011012  0.086903  0.162794  0.370215
   600.990000  0.000000  0.010975  0.087513  0.164051  0.375756
   603.110000  0.000000  0.010994  0.087988  0.164981  0.378790
   605.230000  0.000000  0.011041  0.088830  0.166620  0.379290
   607.350000  0.000000  0.011038  0.089300  0.167563  0.379439
   609.470000  0.000000  0.011070  0.090073  0.169076  0.384777
   611.590000  0.000000  0.011092  0.090794  0.170496  0.391524
   613.720000  0.000000  0.011143  0.091638  0.172132  0.397012
   615.840000  0.000000  0.011131  0.092070  0.173010  0.402128
   617.970000  0.000000  0.011124  0.092254  0.173384  0.404017
   620.090000  0.000000  0.011205  0.092992  0.174779  0.402614
   622.220000  0.000000  0.011148  0.092855  0.174561  0.403956
   624.340000  0.000000  0.011110  0.093122  0.175134  0.413375
   626.470000  0.000000  0.011132  0.093826  0.176520  0.423648
   628.600000  0.000000  0.011139  0.094534  0.177928  0.430237
   630.730000  0.000000  0.011185  0.094975  0.178766  0.435993
   632.860000  0.000000  0.011309  0.095674  0.180039  0.438595
   635.000000  0.000000  0.011364  0.096179  0.180993  0.439897
   637.130000  0.000000  0.011381  0.096324  0.181267  0.438657
   639.260000  0.000000  0.011416  0.096691  0.181966  0.438575
   641.400000  0.000000  0.011349  0.096424  0.181499  0.441600
   643.530000  0.000000  0.011381  0.097089  0.182798  0.449132
   645.670000  0.000000  0.011323  0.097554  0.183786  0.451615
   647.800000  0.000000  0.011305  0.097808  0.184310  0.455648
   649.940000  0.000000  0.011310  0.098119  0.184929  0.461057
   652.080000  0.000000  0.011257  0.098529  0.185802  0.464797
   654.220000  0.000000  0.011252  0.099069  0.186886  0.476254
   656.360000  0.000000  0.011103  0.098178  0.185253  0.462473
   658.500000  0.000000  0.011233  0.099024  0.186816  0.464755
   660.640000  0.000000  0.011274  0.100462  0.189651  0.481307
   662.780000  0.000000  0.011198  0.099752  0.188305  0.470486
   664.930000  0.000000  0.011090  0.099652  0.188214  0.461794
   667.070000  0.000000  0.011025  0.100293  0.189561  0.484672
   669.220000  0.000000  0.011060  0.100682  0.190305  0.482209
   671.360000  0.000000  0.011004  0.100776  0.190547  0.473427
   673.510000  0.000000  0.011024  0.101080  0.191136  0.482956
   675.660000  0.000000  0.011058  0.101560  0.192062  0.490021
   677.810000  0.000000  0.011091  0.101849  0.192608  0.467373
   679.960000  0.000000  0.011149  0.102132  0.193115  0.475086
   682.110000  0.000000  0.011227  0.102456  0.193686  0.486545
   684.260000  0.000000  0.011252  0.102778  0.194304  0.480367
   686.410000  0.000000  0.011366  0.102838  0.194311  0.486335
   688.560000  0.000000  0.011526  0.101698  0.191870  0.497008
   690.720000  0.000000  0.012368  0.105811  0.199254  0.517001
   692.870000  0.000000  0.012838  0.107153  0.201469  0.496485
   695.030000  0.000000  0.013259  0.107579  0.201899  0.484453
   697.180000  0.000000  0.013755  0.108437  0.203118  0.499969
   699.340000  0.000000  0.014104  0.109183  0.204262  0.491048
   701.500000  0.000000  0.014561  0.109878  0.205196  0.496031
   703.660000  0.000000  0.015010  0.111083  0.207156  0.507304
   705.820000  0.000000  0.015465  0.112229  0.208994  0.507463
   707.980000  0.000000  0.015702  0.112545  0.209387  0.512311
   710.140000  0.000000  0.016049  0.113161  0.210274  0.521570
   712.300000  0.000000  0.016340  0.113876  0.211411  0.532486
   714.460000  0.000000  0.016533  0.114431  0.212328  0.548861
   716.630000  0.000000  0.016742  0.114928  0.213115  0.575274
   718.790000  0.000000  0.016897  0.114377  0.211856  0.604930
   720.960000  0.000000  0.017491  0.116505  0.215518  0.636647
   723.130000  0.000000  0.018161  0.119987  0.221813  0.634312
   725.290000  0.000000  0.018209  0.119730  0.221251  0.623135
   727.460000  0.000000  0.018401  0.120274  0.222147  0.627044
   729.630000  0.000000  0.018388  0.119091  0.219794  0.631026
   731.800000  0.000000  0.018700  0.120017  0.221334  0.645605
   733.970000  0.000000  0.018945  0.121171  0.223398  0.651366
   736.140000  0.000000  0.019008  0.121372  0.223737  0.653291
   738.310000  0.000000  0.019143  0.121525  0.223907  0.661887
   740.490000  0.000000  0.019346  0.122142  0.224937  0.672909
   742.660000  0.000000  0.019533  0.122677  0.225820  0.682876
   744.840000  0.000000  0.019716  0.123425  0.227134  0.687209
   747.010000  0.000000  0.019871  0.124032  0.228192  0.693140
   749.190000  0.000000  0.019904  0.124043  0.228181  0.703535
   751.370000  0.000000  0.019985  0.124007  0.228028  0.720456
   753.540000  0.000000  0.020244  0.124768  0.229291  0.743322
   755.720000  0.000000  0.020256  0.124920  0.229585  0.760781
   757.900000  0.000000  0.020048  0.124786  0.229523  0.802259
   760.080000  0.000000  0.018846  0.117950  0.217054  0.768124
   762.270000  0.000000  0.019295  0.111943  0.204592  0.677170
   764.450000  0.000000  0.022958  0.131869  0.240781  0.722713
   766.630000  0.000000  0.022782  0.133386  0.243990  0.763473
   768.820000  0.000000  0.022129  0.131802  0.241476  0.795262
   771.000000  0.000000  0.021562  0.128622  0.235683  0.759796
   773.190000  0.000000  0.021451  0.127761  0.234070  0.764081
   775.370000  0.000000  0.021486  0.127938  0.234391  0.782061
   777.560000  0.000000  0.021655  0.128338  0.235021  0.788747
   779.750000  0.000000  0.021755  0.128279  0.234802  0.775050
   781.940000  0.000000  0.021878  0.128653  0.235428  0.805138
   784.130000  0.000000  0.021949  0.128636  0.235322  0.780176
   786.320000  0.000000  0.022235  0.129455  0.236675  0.768280
   788.510000  0.000000  0.022294  0.129464  0.236634  0.776789
   790.700000  0.000000  0.022385  0.129541  0.236697  0.777169
   792.900000  0.000000  0.022632  0.129878  0.237124  0.789132
   795.090000  0.000000  0.022711  0.130301  0.237891  0.784072
   797.290000  0.000000  0.022995  0.131049  0.239103  0.779851
   799.480000  0.000000  0.022949  0.131096  0.239243  0.794882
   801.680000  0.000000  0.023144  0.131476  0.239809  0.800494
   803.880000  0.000000  0.023183  0.131673  0.240162  0.792785
   806.080000  0.000000  0.023299  0.132066  0.240832  0.770066
   808.280000  0.000000  0.023540  0.132503  0.241465  0.783391
   810.480000  0.000000  0.023515  0.132434  0.241353  0.792780
   812.680000  0.000000  0.023678  0.132881  0.242084  0.797168
   814.880000  0.000000  0.023749  0.132306  0.240862  0.798711
   817.080000  0.000000  0.023796  0.132226  0.240657  0.783357
   819.290000  0.000000  0.024218  0.133085  0.241951  0.814133
   821.490000  0.000000  0.024420  0.134138  0.243855  0.781993
   823.700000  0.000000  0.024300  0.133299  0.242298  0.772707
   825.900000  0.000000  0.024812  0.135336  0.245860  0.823036
   828.110000  0.000000  0.024520  0.134236  0.243952  0.765368
   830.320000  0.000000  0.024664  0.134321  0.243978  0.781535
   832.530000  0.000000  0.024956  0.135290  0.245624  0.787069
   834.740000  0.000000  0.025068  0.135190  0.245312  0.801771
   836.950000  0.000000  0.025218  0.136061  0.246904  0.785644
   839.160000  0.000000  0.025212  0.135811  0.246410  0.752153
   841.370000  0.000000  0.025271  0.135911  0.246551  0.791034
   843.580000  0.000000  0.025357  0.135994  0.246631  0.779092
   845.800000  0.000000  0.025581  0.136446  0.247312  0.787266
   848.010000  0.000000  0.025543  0.136339  0.247135  0.760049
   850.230000  0.000000  0.025657  0.135706  0.245755  0.783125
   852.440000  0.000000  0.025986  0.136908  0.247831  0.736927
   854.660000  0.000000  0.025928  0.135960  0.245992  0.799292
   856.880000  0.000000  0.026495  0.138531  0.250568  0.742664
   859.100000  0.000000  0.026404  0.138259  0.250114  0.772012
   861.320000  0.000000  0.026412  0.137425  0.248438  0.780999
   863.540000  0.000000  0.026528  0.138098  0.249668  0.779409
   865.760000  0.000000  0.026504  0.137192  0.247880  0.765045
   867.980000  0.000000  0.026782  0.137568  0.248353  0.712799
   870.200000  0.000000  0.027167  0.139735  0.252303  0.783137
   872.430000  0.000000  0.027101  0.139131  0.251160  0.733989
   874.650000  0.000000  0.027106  0.139308  0.251510  0.768903
   876.880000  0.000000  0.027365  0.139987  0.252608  0.790438
   879.110000  0.000000  0.027437  0.140456  0.253475  0.756146
   881.330000  0.000000  0.027502  0.139881  0.252260  0.798057
   883.560000  0.000000  0.027531  0.140305  0.253080  0.768755
   885.790000  0.000000  0.027729  0.140164  0.252598  0.721471
   888.020000  0.000000  0.027795  0.140770  0.253744  0.746387
   890.250000  0.000000  0.028282  0.141066  0.253850  0.734347
   892.480000  0.000000  0.028121  0.140620  0.253119  0.761916
   894.710000  0.000000  0.027982  0.140509  0.253037  0.707109
   896.950000  0.000000  0.028140  0.140358  0.252575  0.727457
   899.180000  0.000000  0.028210  0.140221  0.252231  0.705010
   901.420000  0.000000  0.028848  0.141605  0.254361  0.731284
   903.650000  0.000000  0.029107  0.142760  0.256413  0.681931
   905.890000  0.000000  0.029189  0.143199  0.257209  0.737850
   908.130000  0.000000  0.029039  0.141771  0.254503  0.722286
   910.370000  0.000000  0.028920  0.141845  0.254770  0.647922
   912.600000  0.000000  0.029455  0.143265  0.257076  0.714538
   914.840000  0.000000  0.029367  0.142826  0.256285  0.731171
   917.090000  0.000000  0.029723  0.142912  0.256102  0.682171
   919.330000  0.000000  0.029405  0.143153  0.256901  0.697636
   921.570000  0.000000  0.029936  0.145106  0.260277  0.762607
   923.810000  0.000000  0.029427  0.143147  0.256867  0.700642
   926.060000  0.000000  0.029672  0.143418  0.257165  0.660488
   928.300000  0.000000  0.029454  0.142591  0.255728  0.684429
   930.550000  0.000000  0.029200  0.140958  0.252716  0.724356
   932.800000  0.000000  0.029675  0.138506  0.247336  0.694458
   935.040000  0.000000  0.029433  0.140201  0.250968  0.626877
   937.290000  0.000000  0.031407  0.146397  0.261386  0.590883
   939.540000  0.000000  0.030476  0.144996  0.259516  0.662938
   941.790000  0.000000  0.030750  0.144899  0.259049  0.649915
   944.040000  0.000000  0.030580  0.143563  0.256547  0.624648
   946.290000  0.000000  0.029829  0.143490  0.257151  0.637660
   948.550000  0.000000  0.029590  0.142748  0.255905  0.608599
   950.800000  0.000000  0.030247  0.144320  0.258393  0.707942
   953.060000  0.000000  0.030114  0.144689  0.259265  0.645073
   955.310000  0.000000  0.030822  0.145074  0.259327  0.646528
   957.570000  0.000000  0.030172  0.145222  0.260272  0.623052
   959.820000  0.000000  0.029964  0.145235  0.260506  0.659219
   962.080000  0.000000  0.029174  0.144375  0.259576  0.710877
   964.340000  0.000000  0.029508  0.145662  0.261815  0.585167
   966.600000  0.000000  0.030533  0.147077  0.263622  0.681807
   968.860000  0.000000  0.031144  0.148642  0.266140  0.653495
   971.120000  0.000000  0.030167  0.146160  0.262152  0.577340
   973.380000  0.000000  0.029819  0.146043  0.262267  0.692294
   975.650000  0.000000  0.029949  0.146349  0.262749  0.694782
   977.910000  0.000000  0.029079  0.144710  0.260340  0.615954
   980.180000  0.000000  0.029857  0.145728  0.261600  0.708695
   982.440000  0.000000  0.029372  0.146620  0.263868  0.670377
   984.710000  0.000000  0.027843  0.143279  0.258716  0.659069
   986.970000  0.000000  0.028375  0.145223  0.262070  0.613235
   989.240000  0.000000  0.027704  0.144101  0.260497  0.581389
   991.510000  0.000000  0.028294  0.145767  0.263240  0.652691
   993.780000  0.000000  0.027751  0.144651  0.261551  0.664521
   996.050000  0.000000  0.027191  0.145624  0.264058  0.705674
   998.320000  0.000000  0.027017  0.146286  0.265555  0.631448
  1000.590000  0.000000  0.026748  0.143908  0.261068  0.610633
  1002.870000  0.000000  0.025087  0.142184  0.259281  0.596906
  1005.140000  0.000000  0.026417  0.148518  0.270620  0.632657
  1007.420000  0.000000  0.025194  0.146457  0.267719  0.714773
  1009.690000  0.000000  0.023425  0.142208  0.260990  0.582577
  1011.970000  0.000000  0.022039  0.140174  0.258309  0.647752
  1014.250000  0.000000  0.021032  0.141418  0.261803  0.606604
  1016.520000  0.000000  0.019565  0.140028  0.260491  0.770543
  1018.800000  0.000000  0.018099  0.138688  0.259277  0.615609
  1021.080000  0.000000  0.018496  0.141258  0.264020  0.651219
  1023.360000  0.000000  0.017590  0.142975  0.268359  0.636855
  1025.650000  0.000000  0.015389  0.139642  0.263895  0.660801
