ENVI ASCII Plot File [Sun Jul 30 11:34:20 2023]
Column 1: Wavelength
Column 2: Min: ROI #5~~2##255,0,0
Column 3: Mean-StdDev: ROI #5~~21##0,200,0
Column 4: Mean: ROI #5~~0##0,0,0
Column 5: Mean+StdDev: ROI #5~~21##0,200,0
Column 6: Max: ROI #5~~2##255,0,0
   381.170000  0.000000  0.040003  0.100725  0.161446  0.383213
   383.200000  0.000000  0.037400  0.094218  0.151037  0.426805
   385.230000  0.000000  0.042236  0.100531  0.158825  0.431293
   387.260000  0.000000  0.041991  0.096686  0.151382  0.435356
   389.290000  0.000000  0.041972  0.094925  0.147877  0.467673
   391.330000  0.000000  0.038781  0.089212  0.139643  0.447535
   393.360000  0.000000  0.033002  0.075953  0.118903  0.354714
   395.390000  0.000000  0.031562  0.074885  0.118207  0.445054
   397.430000  0.000000  0.027876  0.066548  0.105220  0.353891
   399.470000  0.000000  0.025165  0.063422  0.101679  0.398462
   401.500000  0.000000  0.021980  0.057815  0.093650  0.387523
   403.540000  0.000000  0.019677  0.053712  0.087746  0.391258
   405.580000  0.000000  0.018099  0.051195  0.084290  0.401075
   407.620000  0.000000  0.016889  0.049543  0.082198  0.431833
   409.660000  0.000000  0.015464  0.047707  0.079950  0.449922
   411.700000  0.000000  0.014614  0.046517  0.078419  0.453661
   413.740000  0.000000  0.013507  0.044898  0.076288  0.472718
   415.780000  0.000000  0.012790  0.044013  0.075236  0.485032
   417.830000  0.000000  0.012177  0.043275  0.074373  0.505555
   419.870000  0.000000  0.011851  0.043166  0.074480  0.501254
   421.920000  0.000000  0.011400  0.043044  0.074687  0.512584
   423.960000  0.000000  0.011358  0.043276  0.075195  0.513843
   426.010000  0.000000  0.011058  0.043376  0.075693  0.491801
   428.060000  0.000000  0.010778  0.043288  0.075799  0.484077
   430.110000  0.000000  0.010896  0.043756  0.076616  0.502008
   432.160000  0.000000  0.011174  0.044804  0.078435  0.505413
   434.210000  0.000000  0.010792  0.044407  0.078022  0.428589
   436.260000  0.000000  0.010782  0.044664  0.078546  0.406503
   438.310000  0.000000  0.010782  0.044643  0.078504  0.387190
   440.360000  0.000000  0.011008  0.045473  0.079937  0.393551
   442.420000  0.000000  0.010961  0.045570  0.080178  0.361658
   444.470000  0.000000  0.011092  0.045873  0.080654  0.340558
   446.530000  0.000000  0.011281  0.046576  0.081871  0.334723
   448.590000  0.000000  0.011344  0.047065  0.082786  0.321331
   450.640000  0.000000  0.011451  0.047396  0.083340  0.304975
   452.700000  0.000000  0.011570  0.047850  0.084129  0.296019
   454.760000  0.000000  0.011810  0.048741  0.085673  0.299045
   456.820000  0.000000  0.011823  0.048925  0.086028  0.307415
   458.880000  0.000000  0.011965  0.049369  0.086773  0.306090
   460.940000  0.000000  0.012070  0.049778  0.087485  0.297050
   463.000000  0.000000  0.012086  0.049918  0.087750  0.313859
   465.070000  0.000000  0.012119  0.050176  0.088232  0.306066
   467.130000  0.000000  0.012169  0.050601  0.089033  0.311665
   469.200000  0.000000  0.012188  0.050926  0.089664  0.310856
   471.260000  0.000000  0.012346  0.051420  0.090494  0.318551
   473.330000  0.000000  0.012452  0.051824  0.091196  0.308867
   475.400000  0.000000  0.012574  0.052141  0.091708  0.302584
   477.460000  0.000000  0.012584  0.052358  0.092133  0.299127
   479.530000  0.000000  0.012707  0.052793  0.092878  0.291679
   481.600000  0.000000  0.012761  0.053022  0.093283  0.285932
   483.670000  0.000000  0.012655  0.053072  0.093488  0.283372
   485.750000  0.000000  0.012749  0.053621  0.094494  0.292014
   487.820000  0.000000  0.012863  0.054423  0.095982  0.311626
   489.890000  0.000000  0.012884  0.054640  0.096396  0.293985
   491.970000  0.000000  0.013058  0.054885  0.096711  0.281060
   494.040000  0.000000  0.013226  0.055488  0.097750  0.282666
   496.120000  0.000000  0.013384  0.055906  0.098428  0.275254
   498.190000  0.000000  0.013393  0.056017  0.098641  0.272121
   500.270000  0.000000  0.013375  0.056094  0.098812  0.276142
   502.350000  0.000000  0.013363  0.056484  0.099604  0.283282
   504.430000  0.000000  0.013527  0.057197  0.100867  0.284179
   506.510000  0.000000  0.013633  0.057492  0.101351  0.280474
   508.590000  0.000000  0.013739  0.057884  0.102028  0.280488
   510.670000  0.000000  0.013852  0.058385  0.102917  0.283979
   512.750000  0.000000  0.013869  0.058615  0.103361  0.284136
   514.840000  0.000000  0.013783  0.058699  0.103615  0.289458
   516.920000  0.000000  0.013859  0.059373  0.104887  0.299822
   519.010000  0.000000  0.013950  0.060037  0.106124  0.316747
   521.090000  0.000000  0.014298  0.061043  0.107787  0.306657
   523.180000  0.000000  0.014438  0.061071  0.107704  0.293700
   525.270000  0.000000  0.014555  0.061309  0.108064  0.292897
   527.360000  0.000000  0.014635  0.061603  0.108572  0.295434
   529.450000  0.000000  0.014766  0.062500  0.110234  0.301507
   531.540000  0.000000  0.015049  0.062801  0.110553  0.288501
   533.630000  0.000000  0.015206  0.063184  0.111161  0.290538
   535.720000  0.000000  0.015380  0.064055  0.112731  0.294103
   537.810000  0.000000  0.015495  0.064349  0.113203  0.290465
   539.910000  0.000000  0.015699  0.065070  0.114440  0.295063
   542.000000  0.000000  0.015860  0.065679  0.115497  0.299784
   544.090000  0.000000  0.016350  0.066980  0.117611  0.299507
   546.190000  0.000000  0.016694  0.067824  0.118954  0.296207
   548.290000  0.000000  0.016861  0.068348  0.119835  0.293289
   550.390000  0.000000  0.017046  0.068962  0.120877  0.293301
   552.480000  0.000000  0.017217  0.069553  0.121890  0.296884
   554.580000  0.000000  0.017314  0.070497  0.123679  0.305108
   556.680000  0.000000  0.017552  0.071718  0.125884  0.312976
   558.790000  0.000000  0.017747  0.072824  0.127901  0.323915
   560.890000  0.000000  0.018140  0.074368  0.130596  0.332155
   562.990000  0.000000  0.018573  0.075895  0.133218  0.329336
   565.090000  0.000000  0.018809  0.076902  0.134995  0.332777
   567.200000  0.000000  0.019054  0.077952  0.136850  0.337250
   569.310000  0.000000  0.019387  0.079389  0.139390  0.339089
   571.410000  0.000000  0.019542  0.080387  0.141232  0.343848
   573.520000  0.000000  0.019964  0.082048  0.144132  0.346341
   575.630000  0.000000  0.020243  0.082999  0.145754  0.344449
   577.740000  0.000000  0.020465  0.084277  0.148090  0.350591
   579.850000  0.000000  0.020721  0.085547  0.150373  0.353926
   581.960000  0.000000  0.021253  0.087039  0.152826  0.352462
   584.070000  0.000000  0.021667  0.088102  0.154537  0.348169
   586.180000  0.000000  0.021622  0.088593  0.155563  0.348680
   588.290000  0.000000  0.021760  0.089761  0.157762  0.356985
   590.410000  0.000000  0.021600  0.090102  0.158605  0.366052
   592.520000  0.000000  0.022295  0.092675  0.163055  0.370741
   594.640000  0.000000  0.022440  0.092869  0.163298  0.363221
   596.750000  0.000000  0.022602  0.093745  0.164888  0.367235
   598.870000  0.000000  0.022780  0.094612  0.166444  0.370499
   600.990000  0.000000  0.022821  0.095324  0.167827  0.375934
   603.110000  0.000000  0.022917  0.095921  0.168924  0.379474
   605.230000  0.000000  0.023180  0.096943  0.170706  0.379218
   607.350000  0.000000  0.023266  0.097321  0.171376  0.379510
   609.470000  0.000000  0.023352  0.098214  0.173075  0.384269
   611.590000  0.000000  0.023467  0.099112  0.174758  0.391414
   613.720000  0.000000  0.023698  0.100183  0.176668  0.396865
   615.840000  0.000000  0.023745  0.100659  0.177573  0.400015
   617.970000  0.000000  0.023647  0.100691  0.177735  0.400495
   620.090000  0.000000  0.023921  0.101623  0.179326  0.400768
   622.220000  0.000000  0.023811  0.101435  0.179059  0.401906
   624.340000  0.000000  0.023586  0.101705  0.179824  0.414312
   626.470000  0.000000  0.023607  0.102640  0.181674  0.426855
   628.600000  0.000000  0.023768  0.103489  0.183210  0.432102
   630.730000  0.000000  0.023762  0.104030  0.184299  0.439994
   632.860000  0.000000  0.024035  0.104840  0.185646  0.442190
   635.000000  0.000000  0.024240  0.105421  0.186603  0.441364
   637.130000  0.000000  0.024378  0.105699  0.187020  0.440073
   639.260000  0.000000  0.024475  0.106162  0.187848  0.440058
   641.400000  0.000000  0.024200  0.105597  0.186995  0.443899
   643.530000  0.000000  0.024172  0.106483  0.188794  0.451784
   645.670000  0.000000  0.024270  0.106864  0.189459  0.452843
   647.800000  0.000000  0.024042  0.107020  0.189998  0.458751
   649.940000  0.000000  0.023931  0.107357  0.190783  0.467303
   652.080000  0.000000  0.024012  0.108004  0.191996  0.466612
   654.220000  0.000000  0.023904  0.108539  0.193174  0.477469
   656.360000  0.000000  0.023233  0.107268  0.191302  0.465270
   658.500000  0.000000  0.023367  0.108506  0.193645  0.469726
   660.640000  0.000000  0.023980  0.110342  0.196704  0.474942
   662.780000  0.000000  0.023563  0.109204  0.194846  0.468561
   664.930000  0.000000  0.023284  0.108962  0.194639  0.475014
   667.070000  0.000000  0.023322  0.109647  0.195972  0.475310
   669.220000  0.000000  0.023233  0.110142  0.197051  0.487780
   671.360000  0.000000  0.023114  0.110133  0.197152  0.484820
   673.510000  0.000000  0.023133  0.110528  0.197923  0.480101
   675.660000  0.000000  0.023204  0.111033  0.198863  0.497058
   677.810000  0.000000  0.023343  0.111447  0.199551  0.479941
   679.960000  0.000000  0.023309  0.111771  0.200233  0.493993
   682.110000  0.000000  0.023496  0.112224  0.200953  0.486779
   684.260000  0.000000  0.023533  0.112722  0.201911  0.476971
   686.410000  0.000000  0.023412  0.112644  0.201875  0.488388
   688.560000  0.000000  0.023150  0.111053  0.198956  0.506905
   690.720000  0.000000  0.025334  0.117011  0.208688  0.527457
   692.870000  0.000000  0.026508  0.118822  0.211136  0.513426
   695.030000  0.000000  0.027506  0.119659  0.211812  0.502105
   697.180000  0.000000  0.028668  0.121098  0.213529  0.499559
   699.340000  0.000000  0.029548  0.122341  0.215134  0.517643
   701.500000  0.000000  0.030478  0.123421  0.216364  0.501758
   703.660000  0.000000  0.031657  0.125360  0.219064  0.509667
   705.820000  0.000000  0.032721  0.127362  0.222002  0.515376
   707.980000  0.000000  0.033362  0.128064  0.222765  0.519939
   710.140000  0.000000  0.034006  0.129103  0.224200  0.529217
   712.300000  0.000000  0.034654  0.130372  0.226090  0.541723
   714.460000  0.000000  0.034910  0.131237  0.227564  0.558477
   716.630000  0.000000  0.035287  0.131971  0.228656  0.582020
   718.790000  0.000000  0.035111  0.130887  0.226664  0.611822
   720.960000  0.000000  0.036759  0.134399  0.232040  0.641135
   723.130000  0.000000  0.039104  0.139604  0.240105  0.645194
   725.290000  0.000000  0.039052  0.139208  0.239363  0.636409
   727.460000  0.000000  0.039307  0.139990  0.240672  0.639593
   729.630000  0.000000  0.038784  0.138316  0.237849  0.642485
   731.800000  0.000000  0.039382  0.139664  0.239946  0.662033
   733.970000  0.000000  0.040229  0.141404  0.242578  0.666052
   736.140000  0.000000  0.040464  0.141748  0.243032  0.665825
   738.310000  0.000000  0.040591  0.141946  0.243301  0.673602
   740.490000  0.000000  0.040979  0.142730  0.244481  0.685244
   742.660000  0.000000  0.041431  0.143687  0.245943  0.695702
   744.840000  0.000000  0.042023  0.144881  0.247739  0.698897
   747.010000  0.000000  0.042294  0.145475  0.248655  0.704180
   749.190000  0.000000  0.042447  0.145823  0.249198  0.713890
   751.370000  0.000000  0.042438  0.145648  0.248859  0.731725
   753.540000  0.000000  0.042958  0.146847  0.250735  0.752772
   755.720000  0.000000  0.043229  0.147455  0.251680  0.773827
   757.900000  0.000000  0.042240  0.147334  0.252428  0.834177
   760.080000  0.000000  0.038372  0.136015  0.233657  0.842440
   762.270000  0.000000  0.037895  0.126991  0.216087  0.728795
   764.450000  0.000000  0.048992  0.156823  0.264653  0.883044
   766.630000  0.000000  0.049639  0.159991  0.270343  0.877302
   768.820000  0.000000  0.047980  0.157520  0.267060  0.894890
   771.000000  0.000000  0.045833  0.152458  0.259084  0.863720
   773.190000  0.000000  0.045500  0.151409  0.257317  0.878302
   775.370000  0.000000  0.045653  0.151538  0.257423  0.873837
   777.560000  0.000000  0.046018  0.152144  0.258271  0.863095
   779.750000  0.000000  0.046245  0.152179  0.258113  0.859292
   781.940000  0.000000  0.046547  0.152790  0.259034  0.865187
   784.130000  0.000000  0.046512  0.152618  0.258725  0.863498
   786.320000  0.000000  0.047230  0.153773  0.260316  0.853929
   788.510000  0.000000  0.047250  0.153885  0.260520  0.822316
   790.700000  0.000000  0.047604  0.154234  0.260864  0.843846
   792.900000  0.000000  0.047875  0.154485  0.261096  0.841971
   795.090000  0.000000  0.048219  0.155233  0.262247  0.846143
   797.290000  0.000000  0.048840  0.156455  0.264071  0.861142
   799.480000  0.000000  0.048697  0.156375  0.264053  0.876181
   801.680000  0.000000  0.049015  0.156837  0.264659  0.876377
   803.880000  0.000000  0.049387  0.157245  0.265103  0.860379
   806.080000  0.000000  0.049984  0.158027  0.266070  0.879178
   808.280000  0.000000  0.050040  0.158428  0.266817  0.873471
   810.480000  0.000000  0.050289  0.158420  0.266551  0.867233
   812.680000  0.000000  0.050451  0.158972  0.267494  0.867289
   814.880000  0.000000  0.050332  0.157898  0.265464  0.852166
   817.080000  0.000000  0.050525  0.158028  0.265532  0.875568
   819.290000  0.000000  0.051567  0.159554  0.267542  0.855211
   821.490000  0.000000  0.052286  0.161280  0.270275  0.860406
   823.700000  0.000000  0.051626  0.159613  0.267600  0.839231
   825.900000  0.000000  0.053041  0.163183  0.273325  0.881896
   828.110000  0.000000  0.052512  0.161245  0.269977  0.862063
   830.320000  0.000000  0.053016  0.161611  0.270205  0.851783
   832.530000  0.000000  0.053247  0.162891  0.272535  0.896483
   834.740000  0.000000  0.053595  0.163139  0.272683  0.882126
   836.950000  0.000000  0.054016  0.164014  0.274012  0.888954
   839.160000  0.000000  0.053947  0.163702  0.273457  0.861085
   841.370000  0.000000  0.054225  0.163842  0.273460  0.856341
   843.580000  0.000000  0.054426  0.163967  0.273508  0.866333
   845.800000  0.000000  0.054915  0.164896  0.274878  0.875197
   848.010000  0.000000  0.054655  0.164475  0.274294  0.842349
   850.230000  0.000000  0.054637  0.163750  0.272863  0.838106
   852.440000  0.000000  0.055379  0.165080  0.274780  0.838370
   854.660000  0.000000  0.054915  0.163618  0.272321  0.838408
   856.880000  0.000000  0.056925  0.168042  0.279159  0.875553
   859.100000  0.000000  0.056516  0.167193  0.277870  0.858903
   861.320000  0.000000  0.056324  0.166440  0.276557  0.846410
   863.540000  0.000000  0.056346  0.166912  0.277478  0.836371
   865.760000  0.000000  0.056424  0.165892  0.275360  0.893583
   867.980000  0.000000  0.056805  0.166134  0.275462  0.820868
   870.200000  0.000000  0.058150  0.169580  0.281010  0.867388
   872.430000  0.000000  0.057854  0.168520  0.279186  0.820301
   874.650000  0.000000  0.057968  0.169009  0.280049  0.920655
   876.880000  0.000000  0.058478  0.169764  0.281049  0.894088
   879.110000  0.000000  0.058736  0.170041  0.281346  0.852490
   881.330000  0.000000  0.058712  0.169651  0.280590  0.844590
   883.560000  0.000000  0.058917  0.170630  0.282342  0.883359
   885.790000  0.000000  0.059045  0.170396  0.281747  0.844588
   888.020000  0.000000  0.059372  0.170824  0.282275  0.866400
   890.250000  0.000000  0.059315  0.171275  0.283235  0.826455
   892.480000  0.000000  0.059710  0.170750  0.281791  0.867844
   894.710000  0.000000  0.059095  0.170206  0.281317  0.841935
   896.950000  0.000000  0.059187  0.169755  0.280323  0.798693
   899.180000  0.000000  0.059725  0.170022  0.280320  0.773223
   901.420000  0.000000  0.060947  0.172101  0.283255  0.834126
   903.650000  0.000000  0.061556  0.174055  0.286553  0.826529
   905.890000  0.000000  0.061228  0.173840  0.286453  0.829699
   908.130000  0.000000  0.060565  0.171402  0.282239  0.842144
   910.370000  0.000000  0.061242  0.172802  0.284361  0.882279
   912.600000  0.000000  0.061598  0.174229  0.286861  0.821425
   914.840000  0.000000  0.062134  0.173781  0.285428  0.866514
   917.090000  0.000000  0.062132  0.173361  0.284589  0.876869
   919.330000  0.000000  0.062140  0.173892  0.285643  0.814329
   921.570000  0.000000  0.062865  0.176323  0.289782  0.872156
   923.810000  0.000000  0.062607  0.174556  0.286505  0.791372
   926.060000  0.000000  0.061886  0.174233  0.286580  0.829035
   928.300000  0.000000  0.061777  0.173290  0.284802  0.839848
   930.550000  0.000000  0.060079  0.169768  0.279456  0.820932
   932.800000  0.000000  0.058966  0.165874  0.272781  0.792823
   935.040000  0.000000  0.061046  0.168624  0.276202  0.742792
   937.290000  0.000000  0.065257  0.178127  0.290996  0.848982
   939.540000  0.000000  0.063928  0.176341  0.288755  0.775794
   941.790000  0.000000  0.063520  0.175114  0.286707  0.813296
   944.040000  0.000000  0.062601  0.173657  0.284713  0.814678
   946.290000  0.000000  0.062453  0.174031  0.285608  0.760972
   948.550000  0.000000  0.062104  0.173113  0.284123  0.775544
   950.800000  0.000000  0.062212  0.173194  0.284176  0.765625
   953.060000  0.000000  0.062943  0.175507  0.288071  0.803086
   955.310000  0.000000  0.063184  0.175825  0.288465  0.814402
   957.570000  0.000000  0.061520  0.173749  0.285977  0.816265
   959.820000  0.000000  0.063983  0.176912  0.289841  0.796965
   962.080000  0.000000  0.063110  0.177171  0.291232  0.775502
   964.340000  0.000000  0.063543  0.177314  0.291084  0.821628
   966.600000  0.000000  0.063691  0.177571  0.291451  0.805579
   968.860000  0.000000  0.065920  0.182117  0.298314  0.746011
   971.120000  0.000000  0.063099  0.177546  0.291994  0.747829
   973.380000  0.000000  0.061522  0.175195  0.288867  0.758659
   975.650000  0.000000  0.063376  0.178476  0.293575  0.778438
   977.910000  0.000000  0.062509  0.176340  0.290172  0.754267
   980.180000  0.000000  0.061354  0.174264  0.287173  0.748843
   982.440000  0.000000  0.061874  0.177370  0.292866  0.800327
   984.710000  0.000000  0.060701  0.174012  0.287323  0.775287
   986.970000  0.000000  0.060912  0.175962  0.291013  0.684064
   989.240000  0.000000  0.059204  0.173223  0.287241  0.720233
   991.510000  0.000000  0.062488  0.177144  0.291799  0.810722
   993.780000  0.000000  0.059886  0.175397  0.290908  0.687125
   996.050000  0.000000  0.058967  0.175023  0.291079  0.844210
   998.320000  0.000000  0.059432  0.176443  0.293454  0.752268
  1000.590000  0.000000  0.056389  0.172503  0.288617  0.764351
  1002.870000  0.000000  0.054902  0.169968  0.285035  0.666242
  1005.140000  0.000000  0.055093  0.175608  0.296123  0.663361
  1007.420000  0.000000  0.054068  0.173794  0.293519  0.785919
  1009.690000  0.000000  0.050756  0.168774  0.286791  0.684648
  1011.970000  0.000000  0.051962  0.170821  0.289679  0.732832
  1014.250000  0.000000  0.051638  0.171666  0.291695  0.750613
  1016.520000  0.000000  0.047316  0.167320  0.287324  0.668914
  1018.800000  0.000000  0.046886  0.167493  0.288101  0.632947
  1021.080000  0.000000  0.045325  0.166299  0.287274  0.708886
  1023.360000  0.000000  0.043753  0.167356  0.290960  0.663007
  1025.650000  0.000000  0.043045  0.167034  0.291022  0.758385
