ENVI ASCII Plot File [Sun Jul 30 11:32:21 2023]
Column 1: Wavelength
Column 2: Min: ROI #5~~2##255,0,0
Column 3: Mean-StdDev: ROI #5~~21##0,200,0
Column 4: Mean: ROI #5~~0##0,0,0
Column 5: Mean+StdDev: ROI #5~~21##0,200,0
Column 6: Max: ROI #5~~2##255,0,0
   381.170000  0.000000  0.090519  0.133611  0.176702  0.286624
   383.200000  0.000000  0.090888  0.132925  0.174963  0.307488
   385.230000  0.000000  0.098052  0.137690  0.177327  0.304646
   387.260000  0.000000  0.096469  0.133703  0.170938  0.296002
   389.290000  0.000000  0.093517  0.128260  0.163003  0.275186
   391.330000  0.000000  0.089842  0.122884  0.155925  0.308859
   393.360000  0.000000  0.078919  0.107721  0.136523  0.263995
   395.390000  0.000000  0.075142  0.102981  0.130820  0.282728
   397.430000  0.000000  0.066563  0.091509  0.116455  0.254436
   399.470000  0.000000  0.062376  0.087001  0.111626  0.273895
   401.500000  0.000000  0.056833  0.080622  0.104411  0.302191
   403.540000  0.000000  0.052663  0.075504  0.098346  0.321713
   405.580000  0.000000  0.049616  0.071889  0.094161  0.306322
   407.620000  0.000000  0.047268  0.069184  0.091099  0.293055
   409.660000  0.000000  0.044969  0.066794  0.088620  0.343000
   411.700000  0.000000  0.043406  0.064900  0.086394  0.360520
   413.740000  0.000000  0.041659  0.063061  0.084462  0.388481
   415.780000  0.000000  0.040397  0.061726  0.083056  0.413055
   417.830000  0.000000  0.039469  0.060854  0.082239  0.437999
   419.870000  0.000000  0.039129  0.060611  0.082093  0.470898
   421.920000  0.000000  0.038815  0.060681  0.082546  0.485758
   423.960000  0.000000  0.038654  0.060783  0.082911  0.523315
   426.010000  0.000000  0.038688  0.061264  0.083841  0.548220
   428.060000  0.000000  0.038644  0.061637  0.084631  0.567681
   430.110000  0.000000  0.038375  0.061545  0.084716  0.571356
   432.160000  0.000000  0.039083  0.062508  0.085934  0.578758
   434.210000  0.000000  0.038861  0.062790  0.086719  0.564355
   436.260000  0.000000  0.039172  0.063366  0.087561  0.535198
   438.310000  0.000000  0.038941  0.063345  0.087749  0.509841
   440.360000  0.000000  0.039326  0.064000  0.088674  0.515682
   442.420000  0.000000  0.039675  0.064784  0.089892  0.472739
   444.470000  0.000000  0.040013  0.065446  0.090878  0.446700
   446.530000  0.000000  0.040273  0.066119  0.091966  0.440568
   448.590000  0.000000  0.040856  0.067124  0.093392  0.421679
   450.640000  0.000000  0.041273  0.067940  0.094606  0.397806
   452.700000  0.000000  0.041662  0.068758  0.095854  0.386364
   454.760000  0.000000  0.042059  0.069511  0.096963  0.391667
   456.820000  0.000000  0.042458  0.070286  0.098114  0.374292
   458.880000  0.000000  0.042740  0.070881  0.099022  0.365025
   460.940000  0.000000  0.043129  0.071546  0.099963  0.360225
   463.000000  0.000000  0.043501  0.072245  0.100990  0.347941
   465.070000  0.000000  0.043623  0.072579  0.101536  0.345721
   467.130000  0.000000  0.043946  0.073164  0.102382  0.349717
   469.200000  0.000000  0.044167  0.073713  0.103260  0.348266
   471.260000  0.000000  0.044477  0.074182  0.103887  0.342348
   473.330000  0.000000  0.044985  0.074953  0.104921  0.333744
   475.400000  0.000000  0.045304  0.075466  0.105627  0.325952
   477.460000  0.000000  0.045547  0.075911  0.106275  0.322448
   479.530000  0.000000  0.045998  0.076585  0.107172  0.314844
   481.600000  0.000000  0.046397  0.077100  0.107804  0.306725
   483.670000  0.000000  0.046684  0.077633  0.108582  0.303915
   485.750000  0.000000  0.046718  0.078017  0.109315  0.314990
   487.820000  0.000000  0.046852  0.078545  0.110239  0.336343
   489.890000  0.000000  0.047781  0.079737  0.111694  0.316332
   491.970000  0.000000  0.048091  0.080062  0.112033  0.302482
   494.040000  0.000000  0.048460  0.080705  0.112950  0.304761
   496.120000  0.000000  0.049060  0.081630  0.114200  0.295691
   498.190000  0.000000  0.049341  0.082036  0.114730  0.293558
   500.270000  0.000000  0.049477  0.082351  0.115226  0.297576
   502.350000  0.000000  0.049779  0.082922  0.116065  0.304418
   504.430000  0.000000  0.050349  0.083909  0.117469  0.305852
   506.510000  0.000000  0.050829  0.084583  0.118337  0.302205
   508.590000  0.000000  0.051187  0.085133  0.119079  0.301133
   510.670000  0.000000  0.051743  0.085986  0.120229  0.306244
   512.750000  0.000000  0.052103  0.086600  0.121098  0.306482
   514.840000  0.000000  0.052393  0.087115  0.121837  0.311680
   516.920000  0.000000  0.052882  0.087936  0.122991  0.322656
   519.010000  0.000000  0.053188  0.088564  0.123941  0.340623
   521.090000  0.000000  0.054413  0.090208  0.126002  0.329242
   523.180000  0.000000  0.054919  0.090732  0.126545  0.315615
   525.270000  0.000000  0.055498  0.091575  0.127652  0.314008
   527.360000  0.000000  0.055781  0.092006  0.128231  0.316893
   529.450000  0.000000  0.056700  0.093411  0.130123  0.324067
   531.540000  0.000000  0.057490  0.094492  0.131493  0.310657
   533.630000  0.000000  0.057906  0.095166  0.132427  0.313103
   535.720000  0.000000  0.058811  0.096652  0.134492  0.317779
   537.810000  0.000000  0.059459  0.097719  0.135979  0.313203
   539.910000  0.000000  0.060094  0.098820  0.137546  0.317297
   542.000000  0.000000  0.060664  0.099956  0.139248  0.322427
   544.090000  0.000000  0.061964  0.101973  0.141982  0.319678
   546.190000  0.000000  0.062891  0.103577  0.144263  0.316402
   548.290000  0.000000  0.063805  0.105157  0.146510  0.315143
   550.390000  0.000000  0.064783  0.106919  0.149056  0.314351
   552.480000  0.000000  0.065649  0.108593  0.151536  0.317590
   554.580000  0.000000  0.066643  0.110666  0.154688  0.326910
   556.680000  0.000000  0.067827  0.112939  0.158051  0.335729
   558.790000  0.000000  0.068915  0.115184  0.161454  0.347443
   560.890000  0.000000  0.070249  0.117917  0.165585  0.357740
   562.990000  0.000000  0.071743  0.120817  0.169890  0.356138
   565.090000  0.000000  0.072903  0.123325  0.173747  0.355567
   567.200000  0.000000  0.074025  0.125861  0.177697  0.360115
   569.310000  0.000000  0.075322  0.128689  0.182056  0.364120
   571.410000  0.000000  0.076363  0.131182  0.186001  0.370381
   573.520000  0.000000  0.077886  0.134490  0.191093  0.374284
   575.630000  0.000000  0.078910  0.137035  0.195159  0.371083
   577.740000  0.000000  0.080044  0.139772  0.199500  0.377818
   579.850000  0.000000  0.081301  0.142629  0.203957  0.381754
   581.960000  0.000000  0.082671  0.145512  0.208352  0.379739
   584.070000  0.000000  0.083703  0.148083  0.212463  0.374113
   586.180000  0.000000  0.084515  0.150187  0.215859  0.375773
   588.290000  0.000000  0.085520  0.152627  0.219734  0.384956
   590.410000  0.000000  0.086090  0.154429  0.222768  0.395738
   592.520000  0.000000  0.087964  0.157976  0.227988  0.401354
   594.640000  0.000000  0.088675  0.159647  0.230620  0.390777
   596.750000  0.000000  0.089521  0.161715  0.233909  0.394338
   598.870000  0.000000  0.090404  0.163604  0.236804  0.397608
   600.990000  0.000000  0.091055  0.165159  0.239264  0.403903
   603.110000  0.000000  0.091721  0.166688  0.241655  0.409885
   605.230000  0.000000  0.092649  0.168471  0.244293  0.409414
   607.350000  0.000000  0.093268  0.169903  0.246538  0.410649
   609.470000  0.000000  0.093954  0.171455  0.248956  0.415572
   611.590000  0.000000  0.094606  0.172785  0.250965  0.420973
   613.720000  0.000000  0.095531  0.174545  0.253559  0.425076
   615.840000  0.000000  0.096036  0.175646  0.255257  0.430035
   617.970000  0.000000  0.096405  0.176530  0.256655  0.431364
   620.090000  0.000000  0.097143  0.178042  0.258940  0.431552
   622.220000  0.000000  0.097247  0.178344  0.259442  0.433586
   624.340000  0.000000  0.097602  0.178989  0.260376  0.444639
   626.470000  0.000000  0.098444  0.180412  0.262380  0.459072
   628.600000  0.000000  0.099086  0.181576  0.264066  0.466730
   630.730000  0.000000  0.099730  0.182551  0.265373  0.472794
   632.860000  0.000000  0.100586  0.183884  0.267182  0.474773
   635.000000  0.000000  0.101140  0.184808  0.268476  0.474525
   637.130000  0.000000  0.101559  0.185501  0.269443  0.474404
   639.260000  0.000000  0.101921  0.186301  0.270680  0.475246
   641.400000  0.000000  0.101721  0.186181  0.270641  0.479194
   643.530000  0.000000  0.102264  0.187263  0.272261  0.488726
   645.670000  0.000000  0.102488  0.188023  0.273559  0.489721
   647.800000  0.000000  0.102608  0.188543  0.274477  0.494572
   649.940000  0.000000  0.102956  0.189493  0.276030  0.500375
   652.080000  0.000000  0.103351  0.190279  0.277208  0.508010
   654.220000  0.000000  0.103816  0.191381  0.278946  0.517410
   656.360000  0.000000  0.103060  0.190454  0.277848  0.536431
   658.500000  0.000000  0.103764  0.191517  0.279271  0.562047
   660.640000  0.000000  0.104846  0.193567  0.282287  0.542604
   662.780000  0.000000  0.104239  0.193121  0.282004  0.536932
   664.930000  0.000000  0.104106  0.193396  0.282686  0.539339
   667.070000  0.000000  0.104361  0.194181  0.284000  0.546283
   669.220000  0.000000  0.104681  0.195020  0.285358  0.552458
   671.360000  0.000000  0.104778  0.195473  0.286169  0.558066
   673.510000  0.000000  0.105023  0.196154  0.287285  0.563976
   675.660000  0.000000  0.105494  0.197104  0.288714  0.564299
   677.810000  0.000000  0.106025  0.197861  0.289696  0.570281
   679.960000  0.000000  0.106444  0.198643  0.290841  0.573667
   682.110000  0.000000  0.107016  0.199414  0.291812  0.576417
   684.260000  0.000000  0.107916  0.200596  0.293275  0.588506
   686.410000  0.000000  0.108493  0.201176  0.293858  0.614140
   688.560000  0.000000  0.108707  0.199991  0.291275  0.653358
   690.720000  0.000000  0.113402  0.205319  0.297236  0.636948
   692.870000  0.000000  0.116003  0.207792  0.299581  0.643079
   695.030000  0.000000  0.118110  0.209506  0.300903  0.624838
   697.180000  0.000000  0.121201  0.211976  0.302751  0.646905
   699.340000  0.000000  0.124095  0.214218  0.304341  0.645348
   701.500000  0.000000  0.127047  0.216297  0.305547  0.654536
   703.660000  0.000000  0.130159  0.218861  0.307563  0.643480
   705.820000  0.000000  0.133430  0.221629  0.309829  0.630207
   707.980000  0.000000  0.135814  0.223541  0.311267  0.628127
   710.140000  0.000000  0.138207  0.225574  0.312941  0.642568
   712.300000  0.000000  0.140756  0.227823  0.314890  0.623946
   714.460000  0.000000  0.143202  0.230028  0.316855  0.628097
   716.630000  0.000000  0.145356  0.232092  0.318827  0.629458
   718.790000  0.000000  0.146268  0.232216  0.318164  0.625606
   720.960000  0.000000  0.149528  0.235360  0.321193  0.619028
   723.130000  0.000000  0.153537  0.240247  0.326956  0.634648
   725.290000  0.000000  0.154937  0.241567  0.328197  0.615245
   727.460000  0.000000  0.157013  0.244066  0.331118  0.618210
   729.630000  0.000000  0.157475  0.244066  0.330657  0.633344
   731.800000  0.000000  0.159168  0.245648  0.332128  0.608462
   733.970000  0.000000  0.161250  0.248143  0.335037  0.618345
   736.140000  0.000000  0.162304  0.249581  0.336858  0.618285
   738.310000  0.000000  0.163260  0.250427  0.337595  0.612005
   740.490000  0.000000  0.164536  0.252040  0.339545  0.637543
   742.660000  0.000000  0.165660  0.253369  0.341079  0.645911
   744.840000  0.000000  0.167027  0.255075  0.343124  0.678580
   747.010000  0.000000  0.167879  0.256288  0.344698  0.704180
   749.190000  0.000000  0.168513  0.256948  0.345383  0.685313
   751.370000  0.000000  0.169066  0.257397  0.345729  0.702850
   753.540000  0.000000  0.170278  0.258927  0.347577  0.726330
   755.720000  0.000000  0.171083  0.259917  0.348750  0.740665
   757.900000  0.000000  0.172295  0.262297  0.352299  0.760085
   760.080000  0.000000  0.165411  0.253413  0.341415  0.712205
   762.270000  0.000000  0.160236  0.242842  0.325448  0.656882
   764.450000  0.000000  0.178429  0.265639  0.352849  0.772129
   766.630000  0.000000  0.179998  0.268851  0.357703  0.759024
   768.820000  0.000000  0.178996  0.268885  0.358774  0.785376
   771.000000  0.000000  0.176882  0.266256  0.355630  0.748888
   773.190000  0.000000  0.176393  0.265542  0.354690  0.747695
   775.370000  0.000000  0.176647  0.265753  0.354859  0.754586
   777.560000  0.000000  0.177390  0.266675  0.355960  0.753595
   779.750000  0.000000  0.177755  0.266979  0.356203  0.758182
   781.940000  0.000000  0.178395  0.267448  0.356501  0.750730
   784.130000  0.000000  0.178879  0.267722  0.356564  0.756781
   786.320000  0.000000  0.179752  0.268795  0.357838  0.759981
   788.510000  0.000000  0.180410  0.269286  0.358163  0.764007
   790.700000  0.000000  0.180767  0.269545  0.358324  0.763583
   792.900000  0.000000  0.180850  0.269749  0.358649  0.780807
   795.090000  0.000000  0.181559  0.270414  0.359269  0.797934
   797.290000  0.000000  0.182710  0.271463  0.360216  0.787718
   799.480000  0.000000  0.183049  0.271928  0.360806  0.801448
   801.680000  0.000000  0.183785  0.272718  0.361651  0.797138
   803.880000  0.000000  0.184048  0.273002  0.361956  0.784213
   806.080000  0.000000  0.184985  0.273863  0.362741  0.781521
   808.280000  0.000000  0.185671  0.274570  0.363469  0.778871
   810.480000  0.000000  0.185754  0.274529  0.363305  0.768335
   812.680000  0.000000  0.186614  0.275500  0.364386  0.790627
   814.880000  0.000000  0.186338  0.274679  0.363021  0.794261
   817.080000  0.000000  0.186473  0.274550  0.362626  0.773118
   819.290000  0.000000  0.187487  0.275419  0.363352  0.779773
   821.490000  0.000000  0.188383  0.276437  0.364491  0.810663
   823.700000  0.000000  0.188326  0.275958  0.363590  0.808880
   825.900000  0.000000  0.190141  0.278321  0.366501  0.796260
   828.110000  0.000000  0.189503  0.277423  0.365343  0.781818
   830.320000  0.000000  0.189757  0.277445  0.365133  0.781303
   832.530000  0.000000  0.190777  0.278633  0.366490  0.843888
   834.740000  0.000000  0.191124  0.278956  0.366787  0.794544
   836.950000  0.000000  0.191902  0.279791  0.367680  0.800571
   839.160000  0.000000  0.192374  0.279960  0.367545  0.806619
   841.370000  0.000000  0.192472  0.279935  0.367399  0.803355
   843.580000  0.000000  0.192619  0.280172  0.367726  0.821359
   845.800000  0.000000  0.193621  0.281388  0.369154  0.821103
   848.010000  0.000000  0.193164  0.280736  0.368309  0.836215
   850.230000  0.000000  0.193347  0.280578  0.367809  0.780175
   852.440000  0.000000  0.194444  0.281340  0.368237  0.818058
   854.660000  0.000000  0.193415  0.279966  0.366517  0.808639
   856.880000  0.000000  0.196846  0.283757  0.370668  0.789584
   859.100000  0.000000  0.196183  0.283275  0.370367  0.816238
   861.320000  0.000000  0.196449  0.283187  0.369925  0.782791
   863.540000  0.000000  0.196633  0.284012  0.371392  0.839807
   865.760000  0.000000  0.196049  0.282597  0.369145  0.832731
   867.980000  0.000000  0.196288  0.282237  0.368185  0.774959
   870.200000  0.000000  0.199249  0.286218  0.373187  0.766469
   872.430000  0.000000  0.198539  0.285456  0.372374  0.788823
   874.650000  0.000000  0.198950  0.285801  0.372651  0.783430
   876.880000  0.000000  0.199425  0.286367  0.373309  0.779673
   879.110000  0.000000  0.199988  0.287047  0.374105  0.789170
   881.330000  0.000000  0.200434  0.287100  0.373765  0.774882
   883.560000  0.000000  0.200533  0.287141  0.373749  0.774925
   885.790000  0.000000  0.200483  0.287113  0.373743  0.780350
   888.020000  0.000000  0.201462  0.287897  0.374333  0.759388
   890.250000  0.000000  0.201611  0.288159  0.374708  0.749249
   892.480000  0.000000  0.201092  0.287483  0.373874  0.802147
   894.710000  0.000000  0.201938  0.288520  0.375103  0.742680
   896.950000  0.000000  0.201601  0.287652  0.373702  0.790060
   899.180000  0.000000  0.201926  0.287222  0.372519  0.750068
   901.420000  0.000000  0.203153  0.288172  0.373191  0.769435
   903.650000  0.000000  0.204480  0.290169  0.375859  0.743486
   905.890000  0.000000  0.205950  0.291766  0.377581  0.754711
   908.130000  0.000000  0.204576  0.290354  0.376131  0.790447
   910.370000  0.000000  0.204483  0.290418  0.376353  0.739931
   912.600000  0.000000  0.205855  0.291727  0.377599  0.734058
   914.840000  0.000000  0.205268  0.291318  0.377368  0.702268
   917.090000  0.000000  0.203813  0.288989  0.374165  0.785349
   919.330000  0.000000  0.204654  0.290216  0.375777  0.728614
   921.570000  0.000000  0.207883  0.294884  0.381885  0.758374
   923.810000  0.000000  0.205401  0.290880  0.376360  0.774454
   926.060000  0.000000  0.205592  0.290716  0.375841  0.766493
   928.300000  0.000000  0.206461  0.293083  0.379705  0.716243
   930.550000  0.000000  0.204120  0.289444  0.374769  0.714294
   932.800000  0.000000  0.201197  0.284661  0.368125  0.753514
   935.040000  0.000000  0.199675  0.282844  0.366013  0.668632
   937.290000  0.000000  0.206430  0.291164  0.375898  0.706766
   939.540000  0.000000  0.206247  0.290897  0.375548  0.666539
   941.790000  0.000000  0.205945  0.291895  0.377846  0.704375
   944.040000  0.000000  0.204691  0.290803  0.376914  0.708878
   946.290000  0.000000  0.202853  0.288861  0.374869  0.750985
   948.550000  0.000000  0.201884  0.286873  0.371863  0.716068
   950.800000  0.000000  0.200854  0.286061  0.371269  0.636245
   953.060000  0.000000  0.203483  0.289281  0.375079  0.688685
   955.310000  0.000000  0.203021  0.288687  0.374353  0.649365
   957.570000  0.000000  0.204215  0.290400  0.376586  0.678388
   959.820000  0.000000  0.203979  0.290983  0.377987  0.658769
   962.080000  0.000000  0.205077  0.291724  0.378371  0.711403
   964.340000  0.000000  0.204060  0.290948  0.377837  0.685772
   966.600000  0.000000  0.204942  0.291720  0.378498  0.609607
   968.860000  0.000000  0.206997  0.294924  0.382850  0.653417
   971.120000  0.000000  0.203777  0.291648  0.379518  0.651855
   973.380000  0.000000  0.202759  0.290566  0.378374  0.638131
   975.650000  0.000000  0.203156  0.291843  0.380530  0.693862
   977.910000  0.000000  0.201944  0.289561  0.377177  0.727090
   980.180000  0.000000  0.201069  0.288673  0.376277  0.711874
   982.440000  0.000000  0.203147  0.292686  0.382226  0.621664
   984.710000  0.000000  0.195576  0.284690  0.373804  0.653809
   986.970000  0.000000  0.198802  0.288946  0.379089  0.628534
   989.240000  0.000000  0.196515  0.287140  0.377765  0.648754
   991.510000  0.000000  0.199462  0.290792  0.382122  0.642026
   993.780000  0.000000  0.193228  0.285214  0.377199  0.713962
   996.050000  0.000000  0.192366  0.284544  0.376722  0.626863
   998.320000  0.000000  0.197291  0.290946  0.384601  0.728173
  1000.590000  0.000000  0.191827  0.285710  0.379593  0.661668
  1002.870000  0.000000  0.185542  0.279191  0.372841  0.616061
  1005.140000  0.000000  0.187574  0.286295  0.385016  0.668338
  1007.420000  0.000000  0.184823  0.284502  0.384182  0.665697
  1009.690000  0.000000  0.179745  0.277613  0.375481  0.670705
  1011.970000  0.000000  0.176904  0.275486  0.374067  0.676178
  1014.250000  0.000000  0.177344  0.278619  0.379894  0.678133
  1016.520000  0.000000  0.175203  0.277546  0.379890  0.634948
  1018.800000  0.000000  0.167281  0.269439  0.371597  0.700272
  1021.080000  0.000000  0.168518  0.272824  0.377131  0.666575
  1023.360000  0.000000  0.157353  0.264933  0.372513  0.725616
  1025.650000  0.000000  0.156958  0.265822  0.374686  0.654257
