ENVI ASCII Plot File [Sun Jul 30 11:32:59 2023]
Column 1: Wavelength
Column 2: Min: ROI #5~~2##255,0,0
Column 3: Mean-StdDev: ROI #5~~21##0,200,0
Column 4: Mean: ROI #5~~0##0,0,0
Column 5: Mean+StdDev: ROI #5~~21##0,200,0
Column 6: Max: ROI #5~~2##255,0,0
   381.170000  0.000000  0.096040  0.139912  0.183785  0.316724
   383.200000  0.000000  0.095072  0.137095  0.179119  0.333575
   385.230000  0.000000  0.101321  0.141001  0.180682  0.288429
   387.260000  0.004656  0.100359  0.137457  0.174555  0.281368
   389.290000  0.015399  0.096633  0.130834  0.165036  0.259502
   391.330000  0.020527  0.091164  0.123605  0.156046  0.247278
   393.360000  0.015392  0.078782  0.107410  0.136037  0.233211
   395.390000  0.015100  0.076301  0.104303  0.132304  0.237826
   397.430000  0.015678  0.066791  0.091716  0.116641  0.246270
   399.470000  0.011385  0.062877  0.087564  0.112250  0.270247
   401.500000  0.012464  0.057313  0.080791  0.104268  0.269941
   403.540000  0.013123  0.053193  0.075782  0.098372  0.277000
   405.580000  0.010520  0.050001  0.072076  0.094150  0.299382
   407.620000  0.009852  0.047788  0.069517  0.091246  0.322742
   409.660000  0.010969  0.045614  0.067064  0.088514  0.327725
   411.700000  0.008313  0.044098  0.065170  0.086242  0.355543
   413.740000  0.008951  0.042306  0.063229  0.084152  0.368871
   415.780000  0.009053  0.041242  0.061976  0.082710  0.360885
   417.830000  0.007624  0.040369  0.061129  0.081889  0.373967
   419.870000  0.008618  0.039995  0.060838  0.081682  0.379304
   421.920000  0.008896  0.039823  0.060919  0.082014  0.366990
   423.960000  0.007413  0.039674  0.061001  0.082328  0.368371
   426.010000  0.008863  0.039970  0.061617  0.083265  0.365240
   428.060000  0.007203  0.039902  0.061785  0.083668  0.358533
   430.110000  0.008534  0.039653  0.061598  0.083544  0.352230
   432.160000  0.008213  0.040568  0.062858  0.085148  0.352988
   434.210000  0.008507  0.040383  0.063116  0.085849  0.366726
   436.260000  0.007186  0.040634  0.063692  0.086749  0.359897
   438.310000  0.008206  0.040372  0.063578  0.086784  0.373017
   440.360000  0.008700  0.040800  0.064328  0.087855  0.374158
   442.420000  0.008411  0.041180  0.065138  0.089096  0.373175
   444.470000  0.007716  0.041391  0.065682  0.089974  0.368126
   446.530000  0.007454  0.041822  0.066515  0.091207  0.375794
   448.590000  0.008649  0.042296  0.067491  0.092686  0.376392
   450.640000  0.008738  0.042639  0.068256  0.093872  0.384801
   452.700000  0.007834  0.042975  0.069030  0.095084  0.374260
   454.760000  0.009146  0.043445  0.069847  0.096249  0.366691
   456.820000  0.006158  0.043804  0.070621  0.097437  0.371746
   458.880000  0.008084  0.044022  0.071237  0.098452  0.380888
   460.940000  0.007420  0.044363  0.071874  0.099386  0.376257
   463.000000  0.007944  0.044721  0.072639  0.100558  0.381232
   465.070000  0.008148  0.044846  0.072967  0.101087  0.365236
   467.130000  0.007417  0.045151  0.073526  0.101901  0.372869
   469.200000  0.006993  0.045393  0.074089  0.102785  0.367975
   471.260000  0.008255  0.045624  0.074593  0.103561  0.367281
   473.330000  0.006788  0.046074  0.075447  0.104819  0.365540
   475.400000  0.006728  0.046224  0.075907  0.105590  0.361216
   477.460000  0.007231  0.046455  0.076341  0.106228  0.355833
   479.530000  0.007128  0.046835  0.077101  0.107366  0.347177
   481.600000  0.008072  0.047035  0.077614  0.108194  0.340432
   483.670000  0.007346  0.047332  0.078139  0.108946  0.338240
   485.750000  0.006365  0.047435  0.078564  0.109693  0.349402
   487.820000  0.006518  0.047785  0.079074  0.110363  0.366883
   489.890000  0.006812  0.048468  0.080345  0.112223  0.351573
   491.970000  0.006761  0.048598  0.080693  0.112787  0.346932
   494.040000  0.007173  0.048854  0.081238  0.113623  0.348985
   496.120000  0.007417  0.049406  0.082221  0.115035  0.338677
   498.190000  0.007426  0.049654  0.082641  0.115629  0.335198
   500.270000  0.007567  0.049789  0.082895  0.116001  0.339470
   502.350000  0.007848  0.050084  0.083437  0.116790  0.347648
   504.430000  0.007987  0.050738  0.084490  0.118241  0.350956
   506.510000  0.008391  0.051123  0.085181  0.119238  0.346061
   508.590000  0.007492  0.051431  0.085753  0.120074  0.345138
   510.670000  0.008860  0.051991  0.086594  0.121197  0.349714
   512.750000  0.007893  0.052320  0.087127  0.121935  0.349242
   514.840000  0.008146  0.052547  0.087570  0.122593  0.356566
   516.920000  0.008744  0.053029  0.088303  0.123577  0.369918
   519.010000  0.008183  0.053441  0.088926  0.124412  0.389348
   521.090000  0.009171  0.054543  0.090688  0.126832  0.375886
   523.180000  0.008553  0.054852  0.091129  0.127406  0.361680
   525.270000  0.007751  0.055440  0.091977  0.128514  0.359322
   527.360000  0.008748  0.055701  0.092304  0.128907  0.362749
   529.450000  0.008260  0.056628  0.093825  0.131022  0.369743
   531.540000  0.007574  0.057187  0.094743  0.132299  0.354206
   533.630000  0.009106  0.057605  0.095393  0.133181  0.356660
   535.720000  0.008569  0.058506  0.096922  0.135338  0.362387
   537.810000  0.008841  0.058989  0.097822  0.136654  0.357974
   539.910000  0.008004  0.059709  0.098949  0.138189  0.363407
   542.000000  0.009008  0.060330  0.100004  0.139678  0.368728
   544.090000  0.009191  0.061504  0.102032  0.142560  0.366439
   546.190000  0.008572  0.062398  0.103559  0.144720  0.361696
   548.290000  0.008728  0.063221  0.105077  0.146934  0.359412
   550.390000  0.007605  0.064266  0.106853  0.149440  0.359309
   552.480000  0.008429  0.065097  0.108422  0.151747  0.362151
   554.580000  0.009057  0.066167  0.110347  0.154527  0.373136
   556.680000  0.009233  0.067402  0.112595  0.157788  0.382621
   558.790000  0.010283  0.068506  0.114651  0.160796  0.396203
   560.890000  0.009782  0.069935  0.117419  0.164903  0.406509
   562.990000  0.009464  0.071462  0.120358  0.169254  0.405495
   565.090000  0.011034  0.072559  0.122722  0.172886  0.405960
   567.200000  0.010174  0.073784  0.125183  0.176582  0.411777
   569.310000  0.010718  0.075028  0.127913  0.180799  0.417397
   571.410000  0.010411  0.076153  0.130349  0.184546  0.424073
   573.520000  0.010256  0.077691  0.133665  0.189639  0.427833
   575.630000  0.011385  0.078764  0.136114  0.193463  0.423696
   577.740000  0.009484  0.080006  0.138853  0.197700  0.430382
   579.850000  0.010906  0.081252  0.141605  0.201958  0.436215
   581.960000  0.010750  0.082549  0.144432  0.206314  0.435553
   584.070000  0.011415  0.083727  0.147081  0.210435  0.428803
   586.180000  0.011211  0.084537  0.149099  0.213662  0.429509
   588.290000  0.010052  0.085515  0.151469  0.217424  0.440120
   590.410000  0.010863  0.086114  0.153009  0.219904  0.450305
   592.520000  0.010120  0.088036  0.156821  0.225605  0.455881
   594.640000  0.010544  0.088626  0.158345  0.228064  0.446276
   596.750000  0.012316  0.089509  0.160361  0.231213  0.451473
   598.870000  0.011411  0.090297  0.162171  0.234045  0.454875
   600.990000  0.011874  0.091081  0.163721  0.236361  0.461379
   603.110000  0.010977  0.091790  0.165176  0.238562  0.465993
   605.230000  0.012028  0.092674  0.167079  0.241485  0.466178
   607.350000  0.010619  0.093159  0.168286  0.243414  0.467653
   609.470000  0.011498  0.093843  0.169809  0.245775  0.474588
   611.590000  0.010892  0.094525  0.171144  0.247762  0.481704
   613.720000  0.011718  0.095376  0.172902  0.250428  0.486568
   615.840000  0.009254  0.095998  0.174089  0.252179  0.491822
   617.970000  0.011535  0.096274  0.174816  0.253357  0.493747
   620.090000  0.009125  0.097088  0.176409  0.255730  0.493193
   622.220000  0.010925  0.097153  0.176650  0.256148  0.495708
   624.340000  0.012570  0.097495  0.177297  0.257099  0.509975
   626.470000  0.011980  0.098327  0.178648  0.258969  0.526860
   628.600000  0.011157  0.099086  0.179841  0.260596  0.533822
   630.730000  0.011399  0.099659  0.180791  0.261923  0.540396
   632.860000  0.011353  0.100446  0.182078  0.263710  0.542587
   635.000000  0.010941  0.101060  0.183103  0.265146  0.540961
   637.130000  0.011406  0.101409  0.183736  0.266063  0.542730
   639.260000  0.010531  0.101924  0.184657  0.267390  0.542694
   641.400000  0.009528  0.101794  0.184515  0.267237  0.545929
   643.530000  0.012252  0.102190  0.185606  0.269023  0.555737
   645.670000  0.011834  0.102622  0.186493  0.270364  0.557858
   647.800000  0.011554  0.102744  0.186997  0.271250  0.563857
   649.940000  0.011363  0.103089  0.187807  0.272524  0.570282
   652.080000  0.012174  0.103472  0.188617  0.273763  0.581318
   654.220000  0.010365  0.104006  0.189743  0.275480  0.578916
   656.360000  0.010410  0.103258  0.188452  0.273646  0.573644
   658.500000  0.012045  0.104187  0.189846  0.275505  0.575022
   660.640000  0.012537  0.105203  0.192137  0.279071  0.591749
   662.780000  0.011622  0.104567  0.191494  0.278421  0.577004
   664.930000  0.011294  0.104527  0.191680  0.278833  0.579981
   667.070000  0.012406  0.104935  0.192680  0.280425  0.575928
   669.220000  0.010494  0.105263  0.193507  0.281750  0.586420
   671.360000  0.011851  0.105348  0.193945  0.282541  0.593657
   673.510000  0.011960  0.105677  0.194645  0.283613  0.572734
   675.660000  0.011639  0.106115  0.195518  0.284920  0.586764
   677.810000  0.011288  0.106548  0.196252  0.285956  0.585719
   679.960000  0.011515  0.107033  0.197144  0.287254  0.596581
   682.110000  0.011795  0.107652  0.197840  0.288029  0.586338
   684.260000  0.009949  0.108472  0.199098  0.289724  0.602245
   686.410000  0.009939  0.109052  0.199402  0.289751  0.580382
   688.560000  0.011317  0.108949  0.197804  0.286660  0.562024
   690.720000  0.011324  0.113493  0.203696  0.293898  0.592110
   692.870000  0.013052  0.115743  0.206155  0.296568  0.615938
   695.030000  0.009968  0.117460  0.207536  0.297611  0.603947
   697.180000  0.012914  0.119846  0.209596  0.299346  0.594920
   699.340000  0.012419  0.122228  0.211573  0.300918  0.595018
   701.500000  0.011537  0.124265  0.213239  0.302212  0.589354
   703.660000  0.011155  0.126820  0.215546  0.304272  0.587542
   705.820000  0.012571  0.129314  0.217994  0.306675  0.593812
   707.980000  0.011729  0.130911  0.219360  0.307809  0.606186
   710.140000  0.012375  0.132804  0.221074  0.309345  0.607374
   712.300000  0.012095  0.134563  0.223040  0.311516  0.612100
   714.460000  0.014151  0.136399  0.224821  0.313243  0.591397
   716.630000  0.012454  0.137937  0.226526  0.315115  0.600182
   718.790000  0.013648  0.138340  0.226259  0.314178  0.598446
   720.960000  0.011220  0.141109  0.229250  0.317391  0.587755
   723.130000  0.012799  0.144427  0.233878  0.323329  0.608426
   725.290000  0.011325  0.145358  0.234845  0.324332  0.618493
   727.460000  0.014406  0.146986  0.236912  0.326837  0.612275
   729.630000  0.013555  0.146925  0.236538  0.326151  0.618585
   731.800000  0.015435  0.148405  0.238163  0.327920  0.591944
   733.970000  0.014596  0.149966  0.240177  0.330387  0.615416
   736.140000  0.010609  0.150533  0.240937  0.331340  0.608527
   738.310000  0.012752  0.151136  0.241635  0.332134  0.589836
   740.490000  0.013063  0.152442  0.243260  0.334078  0.595168
   742.660000  0.014246  0.153323  0.244300  0.335278  0.613938
   744.840000  0.014564  0.154351  0.245876  0.337402  0.607860
   747.010000  0.012539  0.155168  0.247011  0.338853  0.621359
   749.190000  0.014063  0.155657  0.247480  0.339302  0.609890
   751.370000  0.014166  0.155809  0.247764  0.339720  0.600568
   753.540000  0.015992  0.156984  0.249170  0.341355  0.625697
   755.720000  0.014962  0.157598  0.250137  0.342677  0.592048
   757.900000  0.014857  0.158657  0.252176  0.345694  0.634523
   760.080000  0.014674  0.151328  0.242316  0.333304  0.580192
   762.270000  0.013381  0.145935  0.231470  0.317004  0.565373
   764.450000  0.014443  0.164156  0.255946  0.347737  0.644319
   766.630000  0.017371  0.165679  0.259052  0.352425  0.630225
   768.820000  0.017740  0.164778  0.258943  0.353108  0.630004
   771.000000  0.016215  0.162369  0.255895  0.349421  0.604427
   773.190000  0.015473  0.161840  0.255080  0.348319  0.597147
   775.370000  0.014960  0.162028  0.255234  0.348440  0.604119
   777.560000  0.015024  0.162776  0.256022  0.349269  0.601913
   779.750000  0.016288  0.162792  0.256115  0.349437  0.583075
   781.940000  0.018233  0.163708  0.257094  0.350480  0.594992
   784.130000  0.012552  0.163635  0.256904  0.350172  0.603423
   786.320000  0.013386  0.164701  0.258095  0.351488  0.603500
   788.510000  0.019321  0.164963  0.258313  0.351664  0.606668
   790.700000  0.010327  0.165257  0.258532  0.351806  0.595285
   792.900000  0.014567  0.165394  0.258655  0.351916  0.599450
   795.090000  0.013811  0.166268  0.259612  0.352955  0.601967
   797.290000  0.015322  0.167171  0.260627  0.354083  0.631614
   799.480000  0.017952  0.167595  0.261249  0.354903  0.592943
   801.680000  0.018068  0.167961  0.261486  0.355011  0.609340
   803.880000  0.014911  0.168321  0.261784  0.355248  0.609227
   806.080000  0.010043  0.168855  0.262434  0.356013  0.599021
   808.280000  0.016082  0.169374  0.263194  0.357014  0.595506
   810.480000  0.015039  0.169588  0.263013  0.356437  0.588925
   812.680000  0.016706  0.170263  0.263954  0.357646  0.609297
   814.880000  0.013850  0.169368  0.262687  0.356006  0.616152
   817.080000  0.016057  0.169642  0.262582  0.355522  0.597655
   819.290000  0.017299  0.170708  0.263688  0.356668  0.587698
   821.490000  0.016205  0.171838  0.265107  0.358376  0.606291
   823.700000  0.017822  0.170985  0.264063  0.357141  0.598190
   825.900000  0.020937  0.173043  0.266589  0.360135  0.604700
   828.110000  0.020176  0.172324  0.265459  0.358595  0.586822
   830.320000  0.018185  0.172462  0.265558  0.358654  0.603221
   832.530000  0.015680  0.173610  0.267008  0.360406  0.585196
   834.740000  0.018010  0.173926  0.267148  0.360370  0.607451
   836.950000  0.016561  0.174357  0.267741  0.361125  0.582403
   839.160000  0.012258  0.173850  0.267307  0.360764  0.595355
   841.370000  0.013205  0.174531  0.267832  0.361133  0.590195
   843.580000  0.014586  0.174694  0.267949  0.361204  0.594554
   845.800000  0.012633  0.175604  0.268728  0.361852  0.613351
   848.010000  0.017341  0.175377  0.268595  0.361813  0.594947
   850.230000  0.015377  0.175104  0.268090  0.361076  0.619260
   852.440000  0.014441  0.175855  0.268902  0.361950  0.602962
   854.660000  0.019052  0.174738  0.267220  0.359703  0.620917
   856.880000  0.020440  0.178096  0.270975  0.363854  0.587200
   859.100000  0.017806  0.177705  0.270907  0.364110  0.600197
   861.320000  0.018086  0.177130  0.270201  0.363273  0.584941
   863.540000  0.017706  0.177637  0.270963  0.364289  0.610854
   865.760000  0.011647  0.176875  0.269691  0.362507  0.633952
   867.980000  0.018660  0.177567  0.269843  0.362119  0.603556
   870.200000  0.013687  0.179901  0.273030  0.366158  0.588600
   872.430000  0.019055  0.179135  0.272058  0.364981  0.583404
   874.650000  0.014407  0.179783  0.272616  0.365449  0.597282
   876.880000  0.017598  0.179850  0.273215  0.366580  0.562093
   879.110000  0.018481  0.180870  0.274295  0.367720  0.603451
   881.330000  0.008759  0.180525  0.273519  0.366513  0.578591
   883.560000  0.016555  0.180750  0.273854  0.366958  0.563493
   885.790000  0.013822  0.180740  0.273804  0.366868  0.585628
   888.020000  0.020912  0.181466  0.274452  0.367439  0.578479
   890.250000  0.016680  0.182059  0.274780  0.367501  0.578279
   892.480000  0.012057  0.180931  0.273813  0.366694  0.600318
   894.710000  0.020091  0.181863  0.274767  0.367670  0.583782
   896.950000  0.011796  0.181502  0.274205  0.366909  0.571672
   899.180000  0.006467  0.181522  0.273558  0.365593  0.585341
   901.420000  0.004688  0.182574  0.274568  0.366562  0.571830
   903.650000  0.014041  0.184183  0.276972  0.369762  0.617964
   905.890000  0.020940  0.184443  0.277886  0.371330  0.578220
   908.130000  0.012349  0.183324  0.275869  0.368413  0.589033
   910.370000  0.015881  0.184348  0.277090  0.369832  0.596491
   912.600000  0.008200  0.185148  0.278003  0.370859  0.584721
   914.840000  0.008445  0.185779  0.278042  0.370304  0.583088
   917.090000  0.014500  0.184492  0.276108  0.367723  0.570176
   919.330000  0.015092  0.184893  0.277331  0.369769  0.554368
   921.570000  0.015209  0.187371  0.280903  0.374435  0.593513
   923.810000  0.000000  0.185083  0.277431  0.369780  0.578360
   926.060000  0.016209  0.185827  0.278351  0.370874  0.627998
   928.300000  0.006786  0.185618  0.278816  0.372013  0.560969
   930.550000  0.019331  0.183226  0.275821  0.368415  0.588326
   932.800000  0.000000  0.180416  0.270083  0.359751  0.582345
   935.040000  0.005763  0.179528  0.269316  0.359104  0.578597
   937.290000  0.000000  0.186498  0.277811  0.369125  0.574198
   939.540000  0.000000  0.186518  0.278425  0.370333  0.650696
   941.790000  0.005363  0.186801  0.279197  0.371594  0.599616
   944.040000  0.000000  0.186400  0.277411  0.368422  0.604347
   946.290000  0.006420  0.183693  0.275196  0.366699  0.602500
   948.550000  0.000000  0.184535  0.276330  0.368126  0.592405
   950.800000  0.000000  0.183057  0.275430  0.367803  0.591903
   953.060000  0.000000  0.183993  0.277040  0.370086  0.604785
   955.310000  0.000000  0.184331  0.276810  0.369290  0.628937
   957.570000  0.000000  0.184827  0.277357  0.369887  0.615599
   959.820000  0.000000  0.184012  0.276801  0.369590  0.571047
   962.080000  0.000000  0.182782  0.275854  0.368927  0.643621
   964.340000  0.000000  0.184068  0.277813  0.371557  0.595455
   966.600000  0.000000  0.185068  0.279184  0.373299  0.575636
   968.860000  0.000000  0.186517  0.281353  0.376188  0.612421
   971.120000  0.000000  0.185291  0.279414  0.373537  0.588964
   973.380000  0.000000  0.184323  0.278615  0.372906  0.599220
   975.650000  0.000000  0.184181  0.279429  0.374676  0.598320
   977.910000  0.000000  0.182416  0.276838  0.371260  0.597660
   980.180000  0.000000  0.179894  0.273965  0.368035  0.571022
   982.440000  0.000000  0.184760  0.280340  0.375921  0.574947
   984.710000  0.000000  0.181553  0.276164  0.370774  0.598721
   986.970000  0.000000  0.180975  0.276204  0.371432  0.633280
   989.240000  0.000000  0.178540  0.273189  0.367838  0.613467
   991.510000  0.000000  0.177161  0.275393  0.373625  0.606570
   993.780000  0.000000  0.176349  0.273414  0.370480  0.594525
   996.050000  0.000000  0.175136  0.274057  0.372979  0.619475
   998.320000  0.000000  0.177768  0.276882  0.375995  0.633940
  1000.590000  0.000000  0.173730  0.273852  0.373975  0.644929
  1002.870000  0.000000  0.170323  0.267959  0.365596  0.656529
  1005.140000  0.000000  0.171949  0.274165  0.376382  0.617796
  1007.420000  0.000000  0.168559  0.275125  0.381691  0.653569
  1009.690000  0.000000  0.163046  0.265712  0.368378  0.625152
  1011.970000  0.000000  0.164256  0.266139  0.368021  0.663729
  1014.250000  0.000000  0.161565  0.267405  0.373245  0.725207
  1016.520000  0.000000  0.158145  0.264562  0.370980  0.656361
  1018.800000  0.000000  0.155758  0.261023  0.366287  0.694318
  1021.080000  0.000000  0.153190  0.262103  0.371016  0.675011
  1023.360000  0.000000  0.143098  0.254515  0.365933  0.699334
  1025.650000  0.000000  0.142911  0.255088  0.367265  0.769660
