ENVI ASCII Plot File [Sun Jul 30 11:33:40 2023]
Column 1: Wavelength
Column 2: Min: ROI #5~~2##255,0,0
Column 3: Mean-StdDev: ROI #5~~21##0,200,0
Column 4: Mean: ROI #5~~0##0,0,0
Column 5: Mean+StdDev: ROI #5~~21##0,200,0
Column 6: Max: ROI #5~~2##255,0,0
   381.170000  0.000000  0.085938  0.127728  0.169519  0.287972
   383.200000  0.000000  0.082982  0.122290  0.161599  0.310481
   385.230000  0.007722  0.088614  0.125900  0.163186  0.322794
   387.260000  0.005987  0.088740  0.123339  0.157938  0.263741
   389.290000  0.000000  0.085889  0.118553  0.151217  0.293436
   391.330000  0.014560  0.082360  0.113886  0.145412  0.287616
   393.360000  0.014692  0.072104  0.100323  0.128542  0.276122
   395.390000  0.013908  0.068677  0.096143  0.123609  0.290875
   397.430000  0.016658  0.059272  0.084368  0.109464  0.301959
   399.470000  0.012490  0.055029  0.080468  0.105906  0.318107
   401.500000  0.013423  0.049881  0.074501  0.099121  0.341937
   403.540000  0.012259  0.046004  0.069963  0.093922  0.361476
   405.580000  0.009497  0.042790  0.066631  0.090472  0.420508
   407.620000  0.012085  0.040371  0.064311  0.088251  0.467431
   409.660000  0.011677  0.038130  0.062223  0.086315  0.492443
   411.700000  0.010632  0.036374  0.060614  0.084854  0.526444
   413.740000  0.009469  0.034527  0.058915  0.083302  0.567458
   415.780000  0.010754  0.033342  0.057771  0.082200  0.556109
   417.830000  0.009699  0.032273  0.056925  0.081577  0.564665
   419.870000  0.008379  0.031945  0.056714  0.081483  0.542957
   421.920000  0.009171  0.032030  0.056948  0.081865  0.503321
   423.960000  0.010433  0.031929  0.056999  0.082069  0.490093
   426.010000  0.007649  0.032180  0.057631  0.083082  0.470925
   428.060000  0.006656  0.032218  0.057871  0.083524  0.463153
   430.110000  0.009809  0.031702  0.057545  0.083389  0.480184
   432.160000  0.009297  0.032643  0.058979  0.085316  0.483461
   434.210000  0.008725  0.032806  0.059059  0.085311  0.411400
   436.260000  0.009946  0.033255  0.059707  0.086159  0.392416
   438.310000  0.009344  0.032936  0.059419  0.085901  0.372075
   440.360000  0.009351  0.033363  0.060188  0.087014  0.376394
   442.420000  0.009244  0.033825  0.060943  0.088062  0.346769
   444.470000  0.009926  0.034065  0.061381  0.088697  0.327553
   446.530000  0.008576  0.034359  0.061961  0.089564  0.321334
   448.590000  0.008966  0.034858  0.062924  0.090991  0.308005
   450.640000  0.008331  0.035268  0.063682  0.092097  0.291496
   452.700000  0.008877  0.035538  0.064254  0.092970  0.281729
   454.760000  0.008900  0.035824  0.064942  0.094061  0.286873
   456.820000  0.007706  0.036184  0.065687  0.095189  0.273460
   458.880000  0.008560  0.036324  0.066140  0.095956  0.264682
   460.940000  0.009395  0.036577  0.066705  0.096833  0.261310
   463.000000  0.008669  0.036846  0.067369  0.097892  0.251529
   465.070000  0.008411  0.036984  0.067637  0.098290  0.250215
   467.130000  0.007216  0.037214  0.068117  0.099021  0.253635
   469.200000  0.007629  0.037404  0.068624  0.099844  0.252031
   471.260000  0.007687  0.037625  0.069124  0.100623  0.249333
   473.330000  0.007809  0.037912  0.069813  0.101713  0.242474
   475.400000  0.007508  0.038046  0.070164  0.102281  0.235860
   477.460000  0.008273  0.038200  0.070576  0.102952  0.232879
   479.530000  0.007290  0.038492  0.071220  0.103947  0.228341
   481.600000  0.008395  0.038696  0.071659  0.104621  0.222585
   483.670000  0.008159  0.038949  0.072246  0.105542  0.221127
   485.750000  0.007250  0.038963  0.072479  0.105995  0.229282
   487.820000  0.007983  0.039084  0.072836  0.106588  0.244906
   489.890000  0.008063  0.039793  0.074115  0.108436  0.230385
   491.970000  0.008167  0.039894  0.074254  0.108614  0.220644
   494.040000  0.008256  0.040157  0.074792  0.109426  0.222370
   496.120000  0.007450  0.040593  0.075577  0.110561  0.216774
   498.190000  0.008075  0.040792  0.075841  0.110890  0.214266
   500.270000  0.008281  0.040891  0.076140  0.111389  0.217068
   502.350000  0.007815  0.041018  0.076538  0.112059  0.223434
   504.430000  0.008650  0.041523  0.077422  0.113321  0.225222
   506.510000  0.007539  0.041852  0.078085  0.114318  0.221442
   508.590000  0.008343  0.042081  0.078421  0.114762  0.221466
   510.670000  0.007665  0.042455  0.079182  0.115909  0.224017
   512.750000  0.008459  0.042724  0.079655  0.116586  0.223525
   514.840000  0.008827  0.042873  0.080016  0.117159  0.227940
   516.920000  0.009063  0.043140  0.080642  0.118145  0.237089
   519.010000  0.008220  0.043296  0.081173  0.119050  0.250012
   521.090000  0.009243  0.044171  0.082573  0.120974  0.241780
   523.180000  0.008863  0.044426  0.082776  0.121126  0.232349
   525.270000  0.009688  0.044861  0.083441  0.122021  0.229973
   527.360000  0.009773  0.044943  0.083584  0.122225  0.231502
   529.450000  0.009718  0.045588  0.084845  0.124102  0.236603
   531.540000  0.008305  0.046103  0.085466  0.124829  0.226947
   533.630000  0.009877  0.046396  0.085922  0.125447  0.228533
   535.720000  0.008806  0.047029  0.087106  0.127184  0.232390
   537.810000  0.009443  0.047434  0.087664  0.127894  0.230088
   539.910000  0.007799  0.047824  0.088507  0.129190  0.232773
   542.000000  0.010059  0.048270  0.089288  0.130306  0.235923
   544.090000  0.009050  0.049195  0.090623  0.132052  0.233418
   546.190000  0.008743  0.049898  0.091699  0.133500  0.230067
   548.290000  0.008993  0.050499  0.092654  0.134808  0.230274
   550.390000  0.008921  0.051167  0.093816  0.136466  0.231014
   552.480000  0.009637  0.051823  0.094924  0.138025  0.232889
   554.580000  0.009834  0.052492  0.096315  0.140139  0.238826
   556.680000  0.009464  0.053301  0.097880  0.142458  0.245639
   558.790000  0.010249  0.053947  0.099325  0.144703  0.254317
   560.890000  0.009120  0.054922  0.101225  0.147528  0.260934
   562.990000  0.009291  0.056004  0.103198  0.150392  0.261465
   565.090000  0.008559  0.056852  0.104765  0.152677  0.261863
   567.200000  0.009449  0.057562  0.106273  0.154985  0.264103
   569.310000  0.009957  0.058530  0.108137  0.157744  0.266625
   571.410000  0.010481  0.059206  0.109656  0.160106  0.271840
   573.520000  0.009105  0.060303  0.111773  0.163242  0.273989
   575.630000  0.010212  0.061068  0.113341  0.165613  0.272068
   577.740000  0.010884  0.061874  0.115166  0.168457  0.276889
   579.850000  0.010167  0.062693  0.116883  0.171072  0.279622
   581.960000  0.010505  0.063596  0.118775  0.173955  0.278720
   584.070000  0.010724  0.064407  0.120277  0.176147  0.275387
   586.180000  0.010311  0.064878  0.121474  0.178070  0.275290
   588.290000  0.010440  0.065558  0.123040  0.180521  0.281786
   590.410000  0.009644  0.065748  0.124043  0.182338  0.288683
   592.520000  0.011525  0.067057  0.126543  0.186028  0.292372
   594.640000  0.009982  0.067560  0.127492  0.187424  0.287090
   596.750000  0.010481  0.068131  0.128752  0.189373  0.289807
   598.870000  0.010596  0.068735  0.130017  0.191298  0.292643
   600.990000  0.010444  0.069055  0.130979  0.192902  0.296856
   603.110000  0.010797  0.069536  0.131945  0.194353  0.299181
   605.230000  0.010412  0.070209  0.133235  0.196260  0.299224
   607.350000  0.010403  0.070558  0.133990  0.197422  0.300157
   609.470000  0.011027  0.070968  0.135022  0.199075  0.303600
   611.590000  0.010709  0.071417  0.136035  0.200654  0.307359
   613.720000  0.008926  0.071934  0.137135  0.202336  0.311093
   615.840000  0.009946  0.072201  0.137849  0.203496  0.314292
   617.970000  0.011104  0.072451  0.138372  0.204292  0.316300
   620.090000  0.010581  0.072997  0.139378  0.205759  0.316084
   622.220000  0.010925  0.073152  0.139595  0.206039  0.316376
   624.340000  0.011238  0.073261  0.140195  0.207130  0.325600
   626.470000  0.010874  0.073758  0.141262  0.208766  0.335181
   628.600000  0.010933  0.074206  0.142217  0.210228  0.340943
   630.730000  0.012041  0.074617  0.142941  0.211265  0.346650
   632.860000  0.010255  0.075052  0.143779  0.212506  0.348871
   635.000000  0.009926  0.075539  0.144510  0.213482  0.347481
   637.130000  0.010400  0.075873  0.145055  0.214238  0.346065
   639.260000  0.011902  0.076183  0.145617  0.215052  0.347026
   641.400000  0.009083  0.076012  0.145609  0.215205  0.351100
   643.530000  0.011579  0.076281  0.146325  0.216368  0.355152
   645.670000  0.009936  0.076463  0.146916  0.217369  0.356499
   647.800000  0.009759  0.076523  0.147312  0.218101  0.361908
   649.940000  0.010987  0.076573  0.147719  0.218865  0.367295
   652.080000  0.011077  0.076807  0.148342  0.219877  0.372927
   654.220000  0.011542  0.077002  0.149008  0.221014  0.379933
   656.360000  0.009983  0.076482  0.148367  0.220252  0.392011
   658.500000  0.010994  0.076897  0.149166  0.221436  0.411763
   660.640000  0.010531  0.077552  0.150652  0.223752  0.396171
   662.780000  0.010188  0.077105  0.150018  0.222931  0.391776
   664.930000  0.011067  0.076905  0.150099  0.223293  0.394863
   667.070000  0.010503  0.077125  0.150713  0.224301  0.399314
   669.220000  0.008929  0.077109  0.151024  0.224939  0.404671
   671.360000  0.010092  0.077116  0.151397  0.225678  0.407712
   673.510000  0.010803  0.077207  0.151783  0.226360  0.411774
   675.660000  0.009357  0.077442  0.152291  0.227139  0.413422
   677.810000  0.010163  0.077775  0.152885  0.227996  0.417218
   679.960000  0.009415  0.078047  0.153316  0.228586  0.421167
   682.110000  0.009179  0.078324  0.153954  0.229584  0.424794
   684.260000  0.011450  0.078964  0.154886  0.230808  0.433068
   686.410000  0.009076  0.079486  0.155421  0.231356  0.454548
   688.560000  0.010030  0.079743  0.154958  0.230173  0.495055
   690.720000  0.011141  0.083131  0.159197  0.235263  0.517046
   692.870000  0.012490  0.084940  0.161265  0.237591  0.494583
   695.030000  0.011671  0.086794  0.162952  0.239110  0.481961
   697.180000  0.013775  0.088828  0.164762  0.240695  0.482873
   699.340000  0.015892  0.090830  0.166737  0.242644  0.484471
   701.500000  0.014009  0.092648  0.168413  0.244178  0.491458
   703.660000  0.014928  0.094538  0.170299  0.246060  0.500669
   705.820000  0.015910  0.096558  0.172403  0.248247  0.506350
   707.980000  0.014682  0.097981  0.173806  0.249631  0.509933
   710.140000  0.017720  0.099289  0.175122  0.250956  0.518199
   712.300000  0.018930  0.100903  0.176872  0.252841  0.532569
   714.460000  0.016838  0.102236  0.178460  0.254684  0.547853
   716.630000  0.016389  0.103293  0.179743  0.256194  0.572247
   718.790000  0.018546  0.103903  0.180030  0.256158  0.602209
   720.960000  0.019624  0.105662  0.181975  0.258288  0.633782
   723.130000  0.017401  0.108017  0.184967  0.261918  0.631436
   725.290000  0.019725  0.108615  0.185488  0.262360  0.620071
   727.460000  0.017170  0.109559  0.186795  0.264031  0.622604
   729.630000  0.019396  0.110024  0.187008  0.263992  0.625452
   731.800000  0.020445  0.110921  0.188037  0.265152  0.642942
   733.970000  0.018740  0.112090  0.189457  0.266825  0.649789
   736.140000  0.020905  0.112670  0.190290  0.267909  0.648635
   738.310000  0.020232  0.113246  0.190908  0.268570  0.658913
   740.490000  0.021939  0.114186  0.191979  0.269772  0.672408
   742.660000  0.020338  0.114955  0.192992  0.271029  0.675868
   744.840000  0.020317  0.115775  0.194074  0.272372  0.680087
   747.010000  0.019672  0.116300  0.194771  0.273242  0.679102
   749.190000  0.020031  0.116753  0.195189  0.273625  0.669758
   751.370000  0.019732  0.117179  0.195463  0.273747  0.679090
   753.540000  0.019218  0.117878  0.196412  0.274946  0.675582
   755.720000  0.020071  0.118399  0.197132  0.275865  0.686062
   757.900000  0.020464  0.118890  0.198417  0.277944  0.669316
   760.080000  0.020344  0.115397  0.193341  0.271286  0.629773
   762.270000  0.023136  0.112939  0.185799  0.258659  0.566064
   764.450000  0.021256  0.123320  0.200595  0.277871  0.662396
   766.630000  0.021255  0.124072  0.202632  0.281191  0.648444
   768.820000  0.021419  0.123428  0.202895  0.282361  0.654499
   771.000000  0.021866  0.122248  0.201290  0.280331  0.635629
   773.190000  0.018596  0.122178  0.201135  0.280092  0.634964
   775.370000  0.021721  0.122219  0.201113  0.280006  0.637492
   777.560000  0.025232  0.122816  0.201791  0.280766  0.651318
   779.750000  0.023441  0.123058  0.202050  0.281042  0.622176
   781.940000  0.019546  0.123653  0.202660  0.281668  0.603161
   784.130000  0.023785  0.123938  0.202826  0.281714  0.615486
   786.320000  0.014720  0.124547  0.203624  0.282702  0.629333
   788.510000  0.019321  0.124841  0.203811  0.282781  0.617121
   790.700000  0.021808  0.125274  0.204307  0.283340  0.624613
   792.900000  0.024059  0.125375  0.204313  0.283252  0.616048
   795.090000  0.024335  0.125911  0.204920  0.283930  0.623530
   797.290000  0.020156  0.126757  0.205854  0.284951  0.622513
   799.480000  0.021953  0.126987  0.206057  0.285127  0.606843
   801.680000  0.020339  0.127318  0.206350  0.285382  0.617341
   803.880000  0.023068  0.127843  0.206954  0.286065  0.606058
   806.080000  0.022074  0.128112  0.207396  0.286680  0.614243
   808.280000  0.023703  0.128677  0.207988  0.287300  0.607173
   810.480000  0.023383  0.128781  0.207871  0.286962  0.611989
   812.680000  0.024599  0.129621  0.208925  0.288230  0.589402
   814.880000  0.021137  0.129427  0.208549  0.287671  0.573265
   817.080000  0.021700  0.129413  0.208228  0.287043  0.584100
   819.290000  0.026811  0.130140  0.208887  0.287633  0.574025
   821.490000  0.020657  0.131141  0.210185  0.289229  0.582251
   823.700000  0.023998  0.130538  0.209450  0.288362  0.580839
   825.900000  0.019227  0.132206  0.211250  0.290293  0.577216
   828.110000  0.022583  0.131988  0.210814  0.289640  0.585733
   830.320000  0.022412  0.131821  0.210833  0.289846  0.587121
   832.530000  0.020540  0.132539  0.211717  0.290895  0.580451
   834.740000  0.025753  0.132989  0.211981  0.290974  0.565008
   836.950000  0.027208  0.133711  0.212790  0.291869  0.591866
   839.160000  0.023295  0.133764  0.212781  0.291798  0.592194
   841.370000  0.022487  0.134041  0.213149  0.292256  0.563233
   843.580000  0.021161  0.133991  0.212862  0.291733  0.566210
   845.800000  0.025545  0.134932  0.214217  0.293502  0.610401
   848.010000  0.021467  0.134897  0.213864  0.292830  0.557198
   850.230000  0.022469  0.134526  0.213297  0.292067  0.555428
   852.440000  0.023893  0.135464  0.214323  0.293181  0.581241
   854.660000  0.025542  0.134923  0.213298  0.291674  0.595793
   856.880000  0.024955  0.137016  0.215868  0.294720  0.589885
   859.100000  0.020986  0.136845  0.215873  0.294900  0.577593
   861.320000  0.026523  0.136841  0.215748  0.294655  0.578700
   863.540000  0.018929  0.137455  0.216630  0.295805  0.571481
   865.760000  0.022225  0.137004  0.215717  0.294429  0.575359
   867.980000  0.027682  0.137378  0.215732  0.294085  0.579396
   870.200000  0.021595  0.139296  0.218206  0.297116  0.593831
   872.430000  0.021802  0.138897  0.217800  0.296703  0.599472
   874.650000  0.030915  0.138904  0.217983  0.297062  0.602144
   876.880000  0.021649  0.139487  0.218490  0.297492  0.560884
   879.110000  0.025873  0.139979  0.219376  0.298773  0.577517
   881.330000  0.026825  0.140105  0.219129  0.298153  0.578227
   883.560000  0.022909  0.140384  0.219590  0.298797  0.582553
   885.790000  0.027583  0.140751  0.219962  0.299173  0.553905
   888.020000  0.022568  0.140928  0.220084  0.299240  0.601353
   890.250000  0.012755  0.141124  0.220707  0.300290  0.591709
   892.480000  0.024114  0.141407  0.220460  0.299514  0.567900
   894.710000  0.011625  0.141279  0.220428  0.299577  0.553645
   896.950000  0.024976  0.142389  0.220866  0.299343  0.607982
   899.180000  0.006745  0.140814  0.219393  0.297972  0.567262
   901.420000  0.020626  0.142060  0.220497  0.298935  0.568584
   903.650000  0.020778  0.143441  0.222070  0.300698  0.621865
   905.890000  0.017608  0.144209  0.223561  0.302914  0.576248
   908.130000  0.018697  0.143442  0.222282  0.301123  0.572569
   910.370000  0.016828  0.143536  0.222423  0.301309  0.578060
   912.600000  0.015529  0.143580  0.222730  0.301880  0.579424
   914.840000  0.017910  0.144990  0.223480  0.301969  0.589058
   917.090000  0.003643  0.143396  0.221857  0.300317  0.577098
   919.330000  0.015020  0.144292  0.222750  0.301208  0.558123
   921.570000  0.021164  0.146445  0.225226  0.304007  0.580887
   923.810000  0.013777  0.144365  0.223177  0.301989  0.581786
   926.060000  0.006168  0.145513  0.224218  0.302923  0.552475
   928.300000  0.015177  0.145627  0.224757  0.303886  0.599204
   930.550000  0.012280  0.144371  0.223211  0.302052  0.650439
   932.800000  0.000000  0.141119  0.218563  0.296008  0.531778
   935.040000  0.000000  0.142638  0.219236  0.295834  0.582185
   937.290000  0.000000  0.144458  0.223033  0.301608  0.587024
   939.540000  0.000000  0.145689  0.224355  0.303021  0.588970
   941.790000  0.017383  0.145326  0.223986  0.302646  0.563556
   944.040000  0.007515  0.144832  0.223849  0.302867  0.575848
   946.290000  0.004076  0.143943  0.223040  0.302137  0.566016
   948.550000  0.000000  0.143116  0.221867  0.300618  0.579352
   950.800000  0.000000  0.143316  0.222887  0.302459  0.594206
   953.060000  0.000000  0.144125  0.223808  0.303492  0.638991
   955.310000  0.000000  0.142690  0.222942  0.303193  0.602928
   957.570000  0.000000  0.144350  0.224943  0.305535  0.579453
   959.820000  0.000000  0.143356  0.223589  0.303822  0.575546
   962.080000  0.000000  0.143949  0.224019  0.304088  0.566983
   964.340000  0.000000  0.144510  0.225070  0.305629  0.553796
   966.600000  0.000000  0.143418  0.224713  0.306008  0.583494
   968.860000  0.013351  0.146425  0.227657  0.308890  0.570954
   971.120000  0.000000  0.144442  0.226036  0.307629  0.577489
   973.380000  0.000000  0.143395  0.226455  0.309515  0.588878
   975.650000  0.000000  0.142567  0.225055  0.307542  0.553234
   977.910000  0.000000  0.142377  0.223646  0.304914  0.580731
   980.180000  0.000000  0.141416  0.223033  0.304650  0.537381
   982.440000  0.000000  0.141273  0.225063  0.308853  0.631495
   984.710000  0.000000  0.137544  0.220050  0.302556  0.571212
   986.970000  0.000000  0.139853  0.223268  0.306683  0.561035
   989.240000  0.000000  0.139345  0.223268  0.307190  0.569464
   991.510000  0.000000  0.138336  0.222778  0.307220  0.563911
   993.780000  0.000000  0.136406  0.220757  0.305109  0.527465
   996.050000  0.000000  0.139026  0.225584  0.312143  0.719973
   998.320000  0.000000  0.136120  0.223576  0.311031  0.631933
  1000.590000  0.000000  0.133984  0.221394  0.308804  0.669251
  1002.870000  0.000000  0.129678  0.217081  0.304484  0.676629
  1005.140000  0.000000  0.134088  0.224637  0.315186  0.633779
  1007.420000  0.000000  0.127819  0.219129  0.310439  0.605199
  1009.690000  0.000000  0.127797  0.218483  0.309170  0.587518
  1011.970000  0.000000  0.124720  0.214551  0.304381  0.595759
  1014.250000  0.000000  0.125441  0.220304  0.315168  0.590437
  1016.520000  0.000000  0.118965  0.212407  0.305849  0.580441
  1018.800000  0.000000  0.119943  0.214109  0.308275  0.648911
  1021.080000  0.000000  0.114217  0.212325  0.310433  0.744410
  1023.360000  0.000000  0.109946  0.210020  0.310094  0.786661
  1025.650000  0.000000  0.105825  0.208605  0.311386  0.668577
