ENVI ASCII Plot File [Sun Jul 30 09:40:21 2023]
Column 1: Wavelength
Column 2: resonon_pika-L_refl_6.bil (141,69)~~2##255,0,0
   381.170000  0.176557
   383.200000  0.099645
   385.230000  0.125488
   387.260000  0.092459
   389.290000  0.073858
   391.330000  0.131038
   393.360000  0.076027
   395.390000  0.072123
   397.430000  0.073979
   399.470000  0.070187
   401.500000  0.054564
   403.540000  0.056422
   405.580000  0.051723
   407.620000  0.040589
   409.660000  0.043760
   411.700000  0.047900
   413.740000  0.037410
   415.780000  0.039415
   417.830000  0.038313
   419.870000  0.042086
   421.920000  0.038840
   423.960000  0.041459
   426.010000  0.039367
   428.060000  0.044036
   430.110000  0.042570
   432.160000  0.041528
   434.210000  0.042362
   436.260000  0.042790
   438.310000  0.044129
   440.360000  0.045697
   442.420000  0.044516
   444.470000  0.047130
   446.530000  0.050588
   448.590000  0.044900
   450.640000  0.046906
   452.700000  0.050603
   454.760000  0.048369
   456.820000  0.051362
   458.880000  0.052108
   460.940000  0.050547
   463.000000  0.049376
   465.070000  0.053946
   467.130000  0.050747
   469.200000  0.053605
   471.260000  0.056050
   473.330000  0.056245
   475.400000  0.057169
   477.460000  0.054132
   479.530000  0.058446
   481.600000  0.061636
   483.670000  0.057338
   485.750000  0.057422
   487.820000  0.059139
   489.890000  0.061202
   491.970000  0.060784
   494.040000  0.060634
   496.120000  0.061380
   498.190000  0.061261
   500.270000  0.062289
   502.350000  0.063080
   504.430000  0.062503
   506.510000  0.062375
   508.590000  0.066253
   510.670000  0.063346
   512.750000  0.064507
   514.840000  0.065369
   516.920000  0.068893
   519.010000  0.068192
   521.090000  0.072142
   523.180000  0.068496
   525.270000  0.065508
   527.360000  0.073500
   529.450000  0.070387
   531.540000  0.072383
   533.630000  0.075564
   535.720000  0.075465
   537.810000  0.077790
   539.910000  0.074912
   542.000000  0.078232
   544.090000  0.082787
   546.190000  0.081261
   548.290000  0.085894
   550.390000  0.087220
   552.480000  0.088105
   554.580000  0.089669
   556.680000  0.091674
   558.790000  0.093228
   560.890000  0.101123
   562.990000  0.102410
   565.090000  0.104360
   567.200000  0.101185
   569.310000  0.108489
   571.410000  0.109126
   573.520000  0.117633
   575.630000  0.119853
   577.740000  0.117342
   579.850000  0.127357
   581.960000  0.122518
   584.070000  0.133110
   586.180000  0.126365
   588.290000  0.129130
   590.410000  0.138246
   592.520000  0.146006
   594.640000  0.138906
   596.750000  0.144374
   598.870000  0.149227
   600.990000  0.144279
   603.110000  0.149860
   605.230000  0.151659
   607.350000  0.149774
   609.470000  0.157857
   611.590000  0.158025
   613.720000  0.157034
   615.840000  0.152538
   617.970000  0.159875
   620.090000  0.160527
   622.220000  0.165861
   624.340000  0.163016
   626.470000  0.167203
   628.600000  0.170789
   630.730000  0.164606
   632.860000  0.164161
   635.000000  0.167048
   637.130000  0.168522
   639.260000  0.162037
   641.400000  0.159126
   643.530000  0.166146
   645.670000  0.170212
   647.800000  0.168185
   649.940000  0.167770
   652.080000  0.177503
   654.220000  0.175520
   656.360000  0.175030
   658.500000  0.170413
   660.640000  0.173127
   662.780000  0.180248
   664.930000  0.177904
   667.070000  0.185481
   669.220000  0.179192
   671.360000  0.167061
   673.510000  0.173305
   675.660000  0.179915
   677.810000  0.181767
   679.960000  0.174714
   682.110000  0.175292
   684.260000  0.177033
   686.410000  0.187560
   688.560000  0.176676
   690.720000  0.188208
   692.870000  0.191065
   695.030000  0.192303
   697.180000  0.187647
   699.340000  0.191762
   701.500000  0.194144
   703.660000  0.201735
   705.820000  0.202581
   707.980000  0.217359
   710.140000  0.206391
   712.300000  0.205041
   714.460000  0.211801
   716.630000  0.220587
   718.790000  0.210531
   720.960000  0.212518
   723.130000  0.226074
   725.290000  0.228953
   727.460000  0.213832
   729.630000  0.219022
   731.800000  0.216631
   733.970000  0.221236
   736.140000  0.219748
   738.310000  0.230167
   740.490000  0.239642
   742.660000  0.221884
   744.840000  0.227365
   747.010000  0.237240
   749.190000  0.242862
   751.370000  0.234842
   753.540000  0.238430
   755.720000  0.234420
   757.900000  0.215086
   760.080000  0.217058
   762.270000  0.195450
   764.450000  0.247899
   766.630000  0.260846
   768.820000  0.237865
   771.000000  0.242193
   773.190000  0.262606
   775.370000  0.229392
   777.560000  0.239465
   779.750000  0.240838
   781.940000  0.236256
   784.130000  0.256705
   786.320000  0.232549
   788.510000  0.247403
   790.700000  0.236630
   792.900000  0.246937
   795.090000  0.252595
   797.290000  0.245056
   799.480000  0.241896
   801.680000  0.240401
   803.880000  0.264296
   806.080000  0.255573
   808.280000  0.242964
   810.480000  0.230798
   812.680000  0.238096
   814.880000  0.238295
   817.080000  0.259471
   819.290000  0.246766
   821.490000  0.252690
   823.700000  0.227571
   825.900000  0.256849
   828.110000  0.252543
   830.320000  0.271206
   832.530000  0.255568
   834.740000  0.276969
   836.950000  0.246672
   839.160000  0.246040
   841.370000  0.265980
   843.580000  0.250176
   845.800000  0.242201
   848.010000  0.241993
   850.230000  0.258678
   852.440000  0.231123
   854.660000  0.252737
   856.880000  0.234721
   859.100000  0.262926
   861.320000  0.263319
   863.540000  0.239146
   865.760000  0.252737
   867.980000  0.288122
   870.200000  0.245574
   872.430000  0.246933
   874.650000  0.233810
   876.880000  0.247756
   879.110000  0.274913
   881.330000  0.228833
   883.560000  0.290055
   885.790000  0.259325
   888.020000  0.278293
   890.250000  0.286196
   892.480000  0.254485
   894.710000  0.245328
   896.950000  0.283694
   899.180000  0.243718
   901.420000  0.267777
   903.650000  0.258206
   905.890000  0.268068
   908.130000  0.239157
   910.370000  0.256284
   912.600000  0.248895
   914.840000  0.272870
   917.090000  0.261516
   919.330000  0.232521
   921.570000  0.248798
   923.810000  0.201234
   926.060000  0.282943
   928.300000  0.253998
   930.550000  0.262156
   932.800000  0.224689
   935.040000  0.265322
   937.290000  0.254808
   939.540000  0.276533
   941.790000  0.271191
   944.040000  0.285679
   946.290000  0.193122
   948.550000  0.195898
   950.800000  0.280643
   953.060000  0.304150
   955.310000  0.190667
   957.570000  0.271560
   959.820000  0.256958
   962.080000  0.247014
   964.340000  0.279386
   966.600000  0.263669
   968.860000  0.193512
   971.120000  0.187479
   973.380000  0.329072
   975.650000  0.335007
   977.910000  0.267668
   980.180000  0.190094
   982.440000  0.217028
   984.710000  0.230518
   986.970000  0.229273
   989.240000  0.199375
   991.510000  0.284691
   993.780000  0.196809
   996.050000  0.317092
   998.320000  0.188534
  1000.590000  0.292404
  1002.870000  0.319564
  1005.140000  0.165087
  1007.420000  0.349384
  1009.690000  0.186002
  1011.970000  0.203113
  1014.250000  0.416607
  1016.520000  0.125593
  1018.800000  0.212313
  1021.080000  0.249916
  1023.360000  0.130827
  1025.650000  0.136852
