ENVI ASCII Plot File [Sun Jul 30 09:45:40 2023]
Column 1: Wavelength
Column 2: resonon_pika-L_refl_6.bil (136,106)~~2##255,0,0
   381.170000  0.099285
   383.200000  0.014113
   385.230000  0.188425
   387.260000  0.120064
   389.290000  0.131747
   391.330000  0.090700
   393.360000  0.090253
   395.390000  0.107687
   397.430000  0.074306
   399.470000  0.072729
   401.500000  0.060926
   403.540000  0.057600
   405.580000  0.064873
   407.620000  0.051886
   409.660000  0.047475
   411.700000  0.044563
   413.740000  0.039117
   415.780000  0.040465
   417.830000  0.038169
   419.870000  0.034186
   421.920000  0.034851
   423.960000  0.039400
   426.010000  0.035768
   428.060000  0.039751
   430.110000  0.037371
   432.160000  0.041683
   434.210000  0.035948
   436.260000  0.040638
   438.310000  0.035963
   440.360000  0.040209
   442.420000  0.037734
   444.470000  0.039341
   446.530000  0.037778
   448.590000  0.039450
   450.640000  0.039015
   452.700000  0.040012
   454.760000  0.041967
   456.820000  0.039975
   458.880000  0.037909
   460.940000  0.040914
   463.000000  0.042388
   465.070000  0.039786
   467.130000  0.041827
   469.200000  0.043567
   471.260000  0.041511
   473.330000  0.045371
   475.400000  0.040789
   477.460000  0.041234
   479.530000  0.043932
   481.600000  0.042070
   483.670000  0.040403
   485.750000  0.044692
   487.820000  0.049399
   489.890000  0.046258
   491.970000  0.046592
   494.040000  0.046558
   496.120000  0.045524
   498.190000  0.045921
   500.270000  0.048486
   502.350000  0.047582
   504.430000  0.052428
   506.510000  0.048117
   508.590000  0.049175
   510.670000  0.051865
   512.750000  0.051186
   514.840000  0.054361
   516.920000  0.049528
   519.010000  0.052237
   521.090000  0.049845
   523.180000  0.051286
   525.270000  0.047218
   527.360000  0.056141
   529.450000  0.056608
   531.540000  0.056770
   533.630000  0.057217
   535.720000  0.053347
   537.810000  0.060444
   539.910000  0.057535
   542.000000  0.062319
   544.090000  0.062862
   546.190000  0.063946
   548.290000  0.060040
   550.390000  0.063987
   552.480000  0.068830
   554.580000  0.068352
   556.680000  0.067271
   558.790000  0.069598
   560.890000  0.073797
   562.990000  0.072568
   565.090000  0.074592
   567.200000  0.074734
   569.310000  0.080485
   571.410000  0.087468
   573.520000  0.083306
   575.630000  0.085043
   577.740000  0.086300
   579.850000  0.089959
   581.960000  0.090374
   584.070000  0.094955
   586.180000  0.096227
   588.290000  0.096398
   590.410000  0.099275
   592.520000  0.102247
   594.640000  0.100067
   596.750000  0.103966
   598.870000  0.101457
   600.990000  0.104543
   603.110000  0.102930
   605.230000  0.107030
   607.350000  0.110671
   609.470000  0.109615
   611.590000  0.108590
   613.720000  0.113175
   615.840000  0.115232
   617.970000  0.113555
   620.090000  0.120724
   622.220000  0.114522
   624.340000  0.117562
   626.470000  0.118915
   628.600000  0.122168
   630.730000  0.118708
   632.860000  0.121967
   635.000000  0.124224
   637.130000  0.123605
   639.260000  0.121583
   641.400000  0.129725
   643.530000  0.124049
   645.670000  0.126896
   647.800000  0.122830
   649.940000  0.127887
   652.080000  0.131076
   654.220000  0.125214
   656.360000  0.126125
   658.500000  0.133994
   660.640000  0.133201
   662.780000  0.139082
   664.930000  0.133258
   667.070000  0.130035
   669.220000  0.134051
   671.360000  0.133304
   673.510000  0.131368
   675.660000  0.134753
   677.810000  0.138245
   679.960000  0.138418
   682.110000  0.137796
   684.260000  0.137118
   686.410000  0.130968
   688.560000  0.136645
   690.720000  0.145014
   692.870000  0.143439
   695.030000  0.149273
   697.180000  0.144026
   699.340000  0.146497
   701.500000  0.147380
   703.660000  0.144429
   705.820000  0.147351
   707.980000  0.152110
   710.140000  0.149243
   712.300000  0.157364
   714.460000  0.159271
   716.630000  0.161948
   718.790000  0.157070
   720.960000  0.161573
   723.130000  0.160544
   725.290000  0.158870
   727.460000  0.167487
   729.630000  0.162483
   731.800000  0.171815
   733.970000  0.169069
   736.140000  0.167508
   738.310000  0.160864
   740.490000  0.166634
   742.660000  0.167055
   744.840000  0.168059
   747.010000  0.169457
   749.190000  0.175533
   751.370000  0.175826
   753.540000  0.165783
   755.720000  0.171379
   757.900000  0.174302
   760.080000  0.164086
   762.270000  0.141322
   764.450000  0.172957
   766.630000  0.207886
   768.820000  0.181735
   771.000000  0.188045
   773.190000  0.173709
   775.370000  0.192662
   777.560000  0.172003
   779.750000  0.171191
   781.940000  0.187099
   784.130000  0.192773
   786.320000  0.177079
   788.510000  0.175917
   790.700000  0.176971
   792.900000  0.184200
   795.090000  0.184158
   797.290000  0.178265
   799.480000  0.184705
   801.680000  0.178610
   803.880000  0.177167
   806.080000  0.192229
   808.280000  0.193982
   810.480000  0.194980
   812.680000  0.205658
   814.880000  0.188845
   817.080000  0.197628
   819.290000  0.194631
   821.490000  0.198258
   823.700000  0.183398
   825.900000  0.184660
   828.110000  0.203250
   830.320000  0.187754
   832.530000  0.200948
   834.740000  0.190879
   836.950000  0.191299
   839.160000  0.188690
   841.370000  0.182827
   843.580000  0.194649
   845.800000  0.191891
   848.010000  0.200676
   850.230000  0.179071
   852.440000  0.200772
   854.660000  0.181768
   856.880000  0.194757
   859.100000  0.206039
   861.320000  0.192014
   863.540000  0.194124
   865.760000  0.200621
   867.980000  0.175296
   870.200000  0.203114
   872.430000  0.215334
   874.650000  0.180085
   876.880000  0.191940
   879.110000  0.201473
   881.330000  0.193127
   883.560000  0.173006
   885.790000  0.203977
   888.020000  0.180050
   890.250000  0.164776
   892.480000  0.170825
   894.710000  0.204134
   896.950000  0.186296
   899.180000  0.173419
   901.420000  0.153252
   903.650000  0.186155
   905.890000  0.230404
   908.130000  0.204135
   910.370000  0.184017
   912.600000  0.174734
   914.840000  0.246151
   917.090000  0.192220
   919.330000  0.184573
   921.570000  0.184446
   923.810000  0.211442
   926.060000  0.183967
   928.300000  0.206642
   930.550000  0.170176
   932.800000  0.203742
   935.040000  0.141142
   937.290000  0.160716
   939.540000  0.215836
   941.790000  0.157370
   944.040000  0.207793
   946.290000  0.245708
   948.550000  0.202866
   950.800000  0.282754
   953.060000  0.213314
   955.310000  0.188019
   957.570000  0.132007
   959.820000  0.245711
   962.080000  0.243682
   964.340000  0.142265
   966.600000  0.279386
   968.860000  0.232073
   971.120000  0.184349
   973.380000  0.231757
   975.650000  0.202584
   977.910000  0.210430
   980.180000  0.296417
   982.440000  0.253692
   984.710000  0.273664
   986.970000  0.230123
   989.240000  0.276852
   991.510000  0.164402
   993.780000  0.075186
   996.050000  0.246558
   998.320000  0.283667
  1000.590000  0.372542
  1002.870000  0.247126
  1005.140000  0.215489
  1007.420000  0.180438
  1009.690000  0.356910
  1011.970000  0.298179
  1014.250000  0.181370
  1016.520000  0.122170
  1018.800000  0.376209
  1021.080000  0.109075
  1023.360000  0.000000
  1025.650000  0.276554
