ENVI ASCII Plot File [Sun Jul 30 09:46:10 2023]
Column 1: Wavelength
Column 2: resonon_pika-L_refl_6.bil (125,107)~~2##255,0,0
   381.170000  0.088503
   383.200000  0.061583
   385.230000  0.112746
   387.260000  0.148334
   389.290000  0.097812
   391.330000  0.116479
   393.360000  0.088620
   395.390000  0.056824
   397.430000  0.069896
   399.470000  0.059244
   401.500000  0.062495
   403.540000  0.058229
   405.580000  0.053550
   407.620000  0.051623
   409.660000  0.054493
   411.700000  0.046429
   413.740000  0.049207
   415.780000  0.049369
   417.830000  0.045552
   419.870000  0.044049
   421.920000  0.045169
   423.960000  0.049833
   426.010000  0.049356
   428.060000  0.051877
   430.110000  0.048749
   432.160000  0.051239
   434.210000  0.052570
   436.260000  0.050788
   438.310000  0.052452
   440.360000  0.051715
   442.420000  0.057662
   444.470000  0.055172
   446.530000  0.057862
   448.590000  0.055835
   450.640000  0.058997
   452.700000  0.065162
   454.760000  0.063777
   456.820000  0.061338
   458.880000  0.061279
   460.940000  0.060792
   463.000000  0.061045
   465.070000  0.065215
   467.130000  0.065814
   469.200000  0.066856
   471.260000  0.065542
   473.330000  0.066393
   475.400000  0.066562
   477.460000  0.067551
   479.530000  0.073284
   481.600000  0.070805
   483.670000  0.067349
   485.750000  0.075871
   487.820000  0.069246
   489.890000  0.071906
   491.970000  0.072700
   494.040000  0.069668
   496.120000  0.075654
   498.190000  0.077022
   500.270000  0.077910
   502.350000  0.074983
   504.430000  0.079570
   506.510000  0.073912
   508.590000  0.075414
   510.670000  0.079805
   512.750000  0.077095
   514.840000  0.078423
   516.920000  0.078770
   519.010000  0.083586
   521.090000  0.084261
   523.180000  0.083335
   525.270000  0.084374
   527.360000  0.082999
   529.450000  0.084444
   531.540000  0.085471
   533.630000  0.086478
   535.720000  0.087286
   537.810000  0.088372
   539.910000  0.093280
   542.000000  0.094110
   544.090000  0.092364
   546.190000  0.097033
   548.290000  0.100210
   550.390000  0.101211
   552.480000  0.098187
   554.580000  0.105293
   556.680000  0.109349
   558.790000  0.111036
   560.890000  0.111078
   562.990000  0.114568
   565.090000  0.125741
   567.200000  0.117981
   569.310000  0.126674
   571.410000  0.126849
   573.520000  0.129669
   575.630000  0.131825
   577.740000  0.132565
   579.850000  0.139459
   581.960000  0.145663
   584.070000  0.138922
   586.180000  0.148268
   588.290000  0.152444
   590.410000  0.147317
   592.520000  0.151264
   594.640000  0.160311
   596.750000  0.158632
   598.870000  0.167867
   600.990000  0.163128
   603.110000  0.167171
   605.230000  0.171083
   607.350000  0.171693
   609.470000  0.167324
   611.590000  0.165690
   613.720000  0.174079
   615.840000  0.171045
   617.970000  0.178920
   620.090000  0.171961
   622.220000  0.180322
   624.340000  0.176055
   626.470000  0.183717
   628.600000  0.180528
   630.730000  0.178270
   632.860000  0.177368
   635.000000  0.180471
   637.130000  0.187905
   639.260000  0.183098
   641.400000  0.182187
   643.530000  0.189566
   645.670000  0.185469
   647.800000  0.179440
   649.940000  0.183986
   652.080000  0.190471
   654.220000  0.186568
   656.360000  0.184779
   658.500000  0.189208
   660.640000  0.196118
   662.780000  0.190209
   664.930000  0.193692
   667.070000  0.192065
   669.220000  0.187396
   671.360000  0.194394
   673.510000  0.192905
   675.660000  0.195691
   677.810000  0.188361
   679.960000  0.194361
   682.110000  0.194508
   684.260000  0.198866
   686.410000  0.188628
   688.560000  0.187593
   690.720000  0.201723
   692.870000  0.204549
   695.030000  0.200111
   697.180000  0.202530
   699.340000  0.206142
   701.500000  0.200489
   703.660000  0.207458
   705.820000  0.219356
   707.980000  0.203579
   710.140000  0.210297
   712.300000  0.203923
   714.460000  0.209366
   716.630000  0.213409
   718.790000  0.206132
   720.960000  0.206311
   723.130000  0.222767
   725.290000  0.225611
   727.460000  0.222077
   729.630000  0.218576
   731.800000  0.218436
   733.970000  0.218398
   736.140000  0.215361
   738.310000  0.221064
   740.490000  0.214790
   742.660000  0.239062
   744.840000  0.218417
   747.010000  0.230471
   749.190000  0.232507
   751.370000  0.210674
   753.540000  0.226118
   755.720000  0.226620
   757.900000  0.223521
   760.080000  0.204218
   762.270000  0.211508
   764.450000  0.226734
   766.630000  0.247995
   768.820000  0.226606
   771.000000  0.235609
   773.190000  0.236081
   775.370000  0.223926
   777.560000  0.232098
   779.750000  0.212612
   781.940000  0.232609
   784.130000  0.231992
   786.320000  0.245144
   788.510000  0.219760
   790.700000  0.240641
   792.900000  0.238054
   795.090000  0.227387
   797.290000  0.227677
   799.480000  0.221636
   801.680000  0.239059
   803.880000  0.243826
   806.080000  0.241084
   808.280000  0.247694
   810.480000  0.236803
   812.680000  0.244368
   814.880000  0.231731
   817.080000  0.234687
   819.290000  0.240524
   821.490000  0.237791
   823.700000  0.240100
   825.900000  0.244227
   828.110000  0.229845
   830.320000  0.241033
   832.530000  0.229183
   834.740000  0.230798
   836.950000  0.247066
   839.160000  0.238553
   841.370000  0.223823
   843.580000  0.250286
   845.800000  0.256393
   848.010000  0.231622
   850.230000  0.242507
   852.440000  0.255955
   854.660000  0.247617
   856.880000  0.268218
   859.100000  0.251884
   861.320000  0.260198
   863.540000  0.249630
   865.760000  0.251192
   867.980000  0.239124
   870.200000  0.245757
   872.430000  0.247291
   874.650000  0.238853
   876.880000  0.247575
   879.110000  0.255402
   881.330000  0.247142
   883.560000  0.235440
   885.790000  0.228272
   888.020000  0.249286
   890.250000  0.267186
   892.480000  0.252209
   894.710000  0.236925
   896.950000  0.244221
   899.180000  0.245179
   901.420000  0.240732
   903.650000  0.228918
   905.890000  0.240670
   908.130000  0.231065
   910.370000  0.231952
   912.600000  0.248314
   914.840000  0.223800
   917.090000  0.241769
   919.330000  0.240248
   921.570000  0.260563
   923.810000  0.233357
   926.060000  0.172563
   928.300000  0.204672
   930.550000  0.259938
   932.800000  0.227272
   935.040000  0.259558
   937.290000  0.193972
   939.540000  0.302458
   941.790000  0.297450
   944.040000  0.330478
   946.290000  0.279747
   948.550000  0.189617
   950.800000  0.303294
   953.060000  0.187754
   955.310000  0.274179
   957.570000  0.333791
   959.820000  0.259387
   962.080000  0.322950
   964.340000  0.267748
   966.600000  0.306482
   968.860000  0.205214
   971.120000  0.262739
   973.380000  0.212041
   975.650000  0.254879
   977.910000  0.253320
   980.180000  0.259152
   982.440000  0.201948
   984.710000  0.226324
   986.970000  0.212345
   989.240000  0.282919
   991.510000  0.217656
   993.780000  0.226720
   996.050000  0.267972
   998.320000  0.268988
  1000.590000  0.182958
  1002.870000  0.271744
  1005.140000  0.170625
  1007.420000  0.304820
  1009.690000  0.172262
  1011.970000  0.417078
  1014.250000  0.233471
  1016.520000  0.309721
  1018.800000  0.285722
  1021.080000  0.206550
  1023.360000  0.000000
  1025.650000  0.026761
