ENVI ASCII Plot File [Sun Jul 30 09:15:37 2023]
Column 1: Wavelength
Column 2: headwall_nano_refl_24432 (1708,140)~~2##255,0,0
   398.225000  0.028540
   400.437000  0.033751
   402.649000  0.052551
   404.860000  0.032070
   407.072000  0.040414
   409.284000  0.036734
   411.496000  0.045788
   413.707000  0.044669
   415.919000  0.038153
   418.131000  0.029338
   420.343000  0.037243
   422.554000  0.035264
   424.766000  0.039669
   426.978000  0.031632
   429.190000  0.028951
   431.401000  0.036127
   433.613000  0.035073
   435.825000  0.047793
   438.037000  0.043610
   440.248000  0.043919
   442.460000  0.050510
   444.672000  0.046020
   446.884000  0.048242
   449.095000  0.051230
   451.307000  0.049849
   453.519000  0.046830
   455.731000  0.052027
   457.942000  0.052561
   460.154000  0.056801
   462.366000  0.051205
   464.578000  0.054632
   466.789000  0.052211
   469.001000  0.056849
   471.213000  0.059406
   473.425000  0.059142
   475.636000  0.057520
   477.848000  0.058559
   480.060000  0.058657
   482.272000  0.059719
   484.483000  0.056423
   486.695000  0.061693
   488.907000  0.057738
   491.119000  0.063966
   493.330000  0.062382
   495.542000  0.062308
   497.754000  0.063211
   499.966000  0.063075
   502.177000  0.060755
   504.389000  0.063650
   506.601000  0.062892
   508.813000  0.063024
   511.024000  0.067242
   513.236000  0.064367
   515.448000  0.066349
   517.660000  0.065070
   519.871000  0.063867
   522.083000  0.068678
   524.295000  0.064179
   526.507000  0.066996
   528.718000  0.068731
   530.930000  0.069220
   533.142000  0.069945
   535.354000  0.072514
   537.565000  0.071096
   539.777000  0.072803
   541.989000  0.074440
   544.201000  0.074161
   546.412000  0.077373
   548.624000  0.081162
   550.836000  0.078949
   553.048000  0.081746
   555.259000  0.083483
   557.471000  0.087584
   559.683000  0.085095
   561.895000  0.087935
   564.106000  0.087138
   566.318000  0.093585
   568.530000  0.095926
   570.742000  0.097827
   572.953000  0.098444
   575.165000  0.102108
   577.377000  0.103175
   579.589000  0.105780
   581.800000  0.105337
   584.012000  0.113071
   586.224000  0.110597
   588.436000  0.109995
   590.647000  0.110813
   592.859000  0.114922
   595.071000  0.118701
   597.283000  0.120635
   599.494000  0.121351
   601.706000  0.119690
   603.918000  0.120083
   606.130000  0.123036
   608.341000  0.119471
   610.553000  0.123595
   612.765000  0.122634
   614.977000  0.125041
   617.188000  0.122780
   619.400000  0.124774
   621.612000  0.123301
   623.824000  0.123736
   626.035000  0.125209
   628.247000  0.126131
   630.459000  0.126324
   632.671000  0.128612
   634.882000  0.125203
   637.094000  0.127430
   639.306000  0.128177
   641.518000  0.129826
   643.729000  0.125711
   645.941000  0.128714
   648.153000  0.130248
   650.365000  0.130821
   652.576000  0.127512
   654.788000  0.129188
   657.000000  0.132813
   659.212000  0.130650
   661.423000  0.128771
   663.635000  0.127242
   665.847000  0.126326
   668.059000  0.129134
   670.270000  0.128826
   672.482000  0.127628
   674.694000  0.130852
   676.906000  0.131018
   679.117000  0.129403
   681.329000  0.129780
   683.541000  0.128252
   685.753000  0.130759
   687.964000  0.129843
   690.176000  0.134124
   692.388000  0.133292
   694.600000  0.133963
   696.811000  0.136468
   699.023000  0.137916
   701.235000  0.142984
   703.447000  0.139366
   705.658000  0.138738
   707.870000  0.141962
   710.082000  0.141867
   712.294000  0.142754
   714.505000  0.143275
   716.717000  0.146875
   718.929000  0.147438
   721.141000  0.146889
   723.352000  0.144149
   725.564000  0.145901
   727.776000  0.145489
   729.988000  0.147116
   732.199000  0.148059
   734.411000  0.142037
   736.623000  0.147706
   738.835000  0.146829
   741.046000  0.146288
   743.258000  0.146205
   745.470000  0.145408
   747.682000  0.148794
   749.893000  0.148991
   752.105000  0.147934
   754.317000  0.151280
   756.529000  0.147022
   758.740000  0.148503
   760.952000  0.147651
   763.164000  0.134788
   765.376000  0.150733
   767.587000  0.148249
   769.799000  0.148849
   772.011000  0.145840
   774.223000  0.153263
   776.434000  0.146864
   778.646000  0.156751
   780.858000  0.143296
   783.070000  0.154430
   785.281000  0.141168
   787.493000  0.148027
   789.705000  0.147218
   791.917000  0.150967
   794.128000  0.143248
   796.340000  0.150383
   798.552000  0.144453
   800.764000  0.151313
   802.975000  0.148262
   805.187000  0.158214
   807.399000  0.152222
   809.611000  0.151272
   811.822000  0.150088
   814.034000  0.150442
   816.246000  0.143959
   818.458000  0.146913
   820.669000  0.142304
   822.881000  0.148695
   825.093000  0.146635
   827.305000  0.158045
   829.516000  0.146405
   831.728000  0.147352
   833.940000  0.138651
   836.152000  0.148585
   838.363000  0.143697
   840.575000  0.150545
   842.787000  0.145303
   844.999000  0.148269
   847.210000  0.152378
   849.422000  0.144030
   851.634000  0.145558
   853.846000  0.149786
   856.057000  0.149571
   858.269000  0.154423
   860.481000  0.155161
   862.693000  0.150804
   864.904000  0.149272
   867.116000  0.149096
   869.328000  0.156174
   871.540000  0.149680
   873.751000  0.152706
   875.963000  0.152852
   878.175000  0.155841
   880.387000  0.156873
   882.598000  0.136103
   884.810000  0.151860
   887.022000  0.145600
   889.234000  0.154764
   891.445000  0.153954
   893.657000  0.156066
   895.869000  0.155427
   898.081000  0.156531
   900.292000  0.154558
   902.504000  0.147538
   904.716000  0.150307
   906.928000  0.160597
   909.139000  0.150326
   911.351000  0.158360
   913.563000  0.154802
   915.775000  0.153697
   917.986000  0.148796
   920.198000  0.167048
   922.410000  0.170489
   924.622000  0.155058
   926.833000  0.163287
   929.045000  0.157657
   931.257000  0.185198
   933.469000  0.165905
   935.680000  0.156145
   937.892000  0.155366
   940.104000  0.183584
   942.316000  0.174827
   944.527000  0.173270
   946.739000  0.180629
   948.951000  0.170860
   951.163000  0.163876
   953.374000  0.173798
   955.586000  0.173660
   957.798000  0.187503
   960.010000  0.185842
   962.221000  0.175715
   964.433000  0.169823
   966.645000  0.177552
   968.857000  0.171864
   971.068000  0.171043
   973.280000  0.195945
   975.492000  0.161756
   977.704000  0.167090
   979.915000  0.199704
   982.127000  0.170484
   984.339000  0.185980
   986.551000  0.170265
   988.762000  0.179817
   990.974000  0.183503
   993.186000  0.158640
   995.398000  0.188621
   997.609000  0.220372
   999.821000  0.172103
  1002.030000  0.157833
