ENVI ASCII Plot File [Sun Jul 30 09:43:26 2023]
Column 1: Wavelength
Column 2: resonon_pika-L_refl_6.bil (138,84)~~2##255,0,0
   381.170000  0.064693
   383.200000  0.083394
   385.230000  0.188039
   387.260000  0.075830
   389.290000  0.118344
   391.330000  0.151804
   393.360000  0.100048
   395.390000  0.105700
   397.430000  0.086227
   399.470000  0.072397
   401.500000  0.063280
   403.540000  0.055636
   405.580000  0.054207
   407.620000  0.053396
   409.660000  0.041047
   411.700000  0.053838
   413.740000  0.046051
   415.780000  0.045167
   417.830000  0.043235
   419.870000  0.046108
   421.920000  0.046361
   423.960000  0.045577
   426.010000  0.045306
   428.060000  0.048823
   430.110000  0.047425
   432.160000  0.056249
   434.210000  0.047597
   436.260000  0.055862
   438.310000  0.049822
   440.360000  0.051755
   442.420000  0.052434
   444.470000  0.056295
   446.530000  0.057464
   448.590000  0.058999
   450.640000  0.056220
   452.700000  0.058336
   454.760000  0.068033
   456.820000  0.066258
   458.880000  0.068039
   460.940000  0.067566
   463.000000  0.065066
   465.070000  0.069223
   467.130000  0.071360
   469.200000  0.072109
   471.260000  0.070187
   473.330000  0.069886
   475.400000  0.072412
   477.460000  0.072013
   479.530000  0.072831
   481.600000  0.078425
   483.670000  0.078335
   485.750000  0.073386
   487.820000  0.076753
   489.890000  0.077710
   491.970000  0.078357
   494.040000  0.077045
   496.120000  0.084191
   498.190000  0.085616
   500.270000  0.077130
   502.350000  0.079864
   504.430000  0.084508
   506.510000  0.083287
   508.590000  0.086505
   510.670000  0.086209
   512.750000  0.089550
   514.840000  0.090624
   516.920000  0.088152
   519.010000  0.089714
   521.090000  0.094691
   523.180000  0.093881
   525.270000  0.093213
   527.360000  0.096325
   529.450000  0.094440
   531.540000  0.095569
   533.630000  0.097192
   535.720000  0.100529
   537.810000  0.099456
   539.910000  0.100669
   542.000000  0.102522
   544.090000  0.106536
   546.190000  0.109582
   548.290000  0.111450
   550.390000  0.111865
   552.480000  0.114345
   554.580000  0.111181
   556.680000  0.114493
   558.790000  0.119072
   560.890000  0.120581
   562.990000  0.126795
   565.090000  0.125947
   567.200000  0.125740
   569.310000  0.129509
   571.410000  0.135415
   573.520000  0.136192
   575.630000  0.143521
   577.740000  0.146039
   579.850000  0.144596
   581.960000  0.142582
   584.070000  0.149714
   586.180000  0.150655
   588.290000  0.152621
   590.410000  0.158861
   592.520000  0.157243
   594.640000  0.169871
   596.750000  0.163466
   598.870000  0.162977
   600.990000  0.170424
   603.110000  0.162925
   605.230000  0.172375
   607.350000  0.163908
   609.470000  0.172294
   611.590000  0.177645
   613.720000  0.180580
   615.840000  0.182011
   617.970000  0.175866
   620.090000  0.178884
   622.220000  0.176892
   624.340000  0.176631
   626.470000  0.184786
   628.600000  0.181349
   630.730000  0.184271
   632.860000  0.187207
   635.000000  0.188554
   637.130000  0.182873
   639.260000  0.184433
   641.400000  0.191010
   643.530000  0.181423
   645.670000  0.182269
   647.800000  0.185048
   649.940000  0.177891
   652.080000  0.185518
   654.220000  0.188011
   656.360000  0.188664
   658.500000  0.186985
   660.640000  0.189522
   662.780000  0.188398
   664.930000  0.190633
   667.070000  0.185748
   669.220000  0.187969
   671.360000  0.186022
   673.510000  0.187889
   675.660000  0.178214
   677.810000  0.182194
   679.960000  0.190159
   682.110000  0.187361
   684.260000  0.179876
   686.410000  0.191133
   688.560000  0.188880
   690.720000  0.189715
   692.870000  0.192621
   695.030000  0.197619
   697.180000  0.192321
   699.340000  0.193682
   701.500000  0.194474
   703.660000  0.202523
   705.820000  0.193101
   707.980000  0.197879
   710.140000  0.208324
   712.300000  0.207319
   714.460000  0.203235
   716.630000  0.203765
   718.790000  0.202233
   720.960000  0.211658
   723.130000  0.208338
   725.290000  0.206304
   727.460000  0.213424
   729.630000  0.208856
   731.800000  0.214916
   733.970000  0.203217
   736.140000  0.218495
   738.310000  0.209890
   740.490000  0.221481
   742.660000  0.212357
   744.840000  0.216728
   747.010000  0.212526
   749.190000  0.215686
   751.370000  0.206375
   753.540000  0.221529
   755.720000  0.210882
   757.900000  0.233968
   760.080000  0.198437
   762.270000  0.174213
   764.450000  0.233365
   766.630000  0.204355
   768.820000  0.221553
   771.000000  0.220377
   773.190000  0.215467
   775.370000  0.221096
   777.560000  0.224538
   779.750000  0.233781
   781.940000  0.214133
   784.130000  0.213677
   786.320000  0.220348
   788.510000  0.215896
   790.700000  0.231366
   792.900000  0.210797
   795.090000  0.229235
   797.290000  0.218371
   799.480000  0.229329
   801.680000  0.215003
   803.880000  0.218004
   806.080000  0.234911
   808.280000  0.233031
   810.480000  0.230479
   812.680000  0.243070
   814.880000  0.214877
   817.080000  0.227066
   819.290000  0.246113
   821.490000  0.235536
   823.700000  0.225336
   825.900000  0.247058
   828.110000  0.232425
   830.320000  0.231130
   832.530000  0.226290
   834.740000  0.243818
   836.950000  0.226055
   839.160000  0.234670
   841.370000  0.238410
   843.580000  0.240949
   845.800000  0.239864
   848.010000  0.239875
   850.230000  0.225258
   852.440000  0.237345
   854.660000  0.245473
   856.880000  0.235454
   859.100000  0.246623
   861.320000  0.248815
   863.540000  0.244679
   865.760000  0.254104
   867.980000  0.230906
   870.200000  0.230671
   872.430000  0.262702
   874.650000  0.258002
   876.880000  0.249026
   879.110000  0.263158
   881.330000  0.228955
   883.560000  0.241061
   885.790000  0.231438
   888.020000  0.267255
   890.250000  0.262464
   892.480000  0.283396
   894.710000  0.231807
   896.950000  0.252458
   899.180000  0.247751
   901.420000  0.222631
   903.650000  0.232676
   905.890000  0.263513
   908.130000  0.213484
   910.370000  0.194799
   912.600000  0.218853
   914.840000  0.286338
   917.090000  0.230402
   919.330000  0.251079
   921.570000  0.318889
   923.810000  0.212370
   926.060000  0.233097
   928.300000  0.228240
   930.550000  0.235774
   932.800000  0.237146
   935.040000  0.185834
   937.290000  0.196810
   939.540000  0.218716
   941.790000  0.237072
   944.040000  0.251323
   946.290000  0.214524
   948.550000  0.230249
   950.800000  0.280547
   953.060000  0.216639
   955.310000  0.255169
   957.570000  0.245755
   959.820000  0.305182
   962.080000  0.309797
   964.340000  0.201043
   966.600000  0.301816
   968.860000  0.288383
   971.120000  0.225705
   973.380000  0.299610
   975.650000  0.259863
   977.910000  0.313823
   980.180000  0.285770
   982.440000  0.188125
   984.710000  0.319583
   986.970000  0.234868
   989.240000  0.204884
   991.510000  0.289400
   993.780000  0.379482
   996.050000  0.311345
   998.320000  0.391401
  1000.590000  0.299783
  1002.870000  0.150744
  1005.140000  0.384571
  1007.420000  0.252572
  1009.690000  0.166238
  1011.970000  0.193460
  1014.250000  0.369465
  1016.520000  0.283609
  1018.800000  0.222323
  1021.080000  0.211691
  1023.360000  0.364047
  1025.650000  0.095835
