ENVI ASCII Plot File [Sun Jul 30 09:44:18 2023]
Column 1: Wavelength
Column 2: resonon_pika-L_refl_6.bil (132,91)~~2##255,0,0
   381.170000  0.116357
   383.200000  0.082966
   385.230000  0.074134
   387.260000  0.071506
   389.290000  0.134599
   391.330000  0.086882
   393.360000  0.113574
   395.390000  0.061195
   397.430000  0.057811
   399.470000  0.074498
   401.500000  0.064064
   403.540000  0.061844
   405.580000  0.061221
   407.620000  0.057403
   409.660000  0.063634
   411.700000  0.058871
   413.740000  0.060487
   415.780000  0.052620
   417.830000  0.056312
   419.870000  0.055588
   421.920000  0.060255
   423.960000  0.058161
   426.010000  0.053900
   428.060000  0.054612
   430.110000  0.056351
   432.160000  0.050877
   434.210000  0.059201
   436.260000  0.057040
   438.310000  0.051667
   440.360000  0.055170
   442.420000  0.059026
   444.470000  0.057237
   446.530000  0.060865
   448.590000  0.059878
   450.640000  0.063975
   452.700000  0.062371
   454.760000  0.060118
   456.820000  0.060616
   458.880000  0.059988
   460.940000  0.057388
   463.000000  0.062627
   465.070000  0.061831
   467.130000  0.057663
   469.200000  0.061268
   471.260000  0.063770
   473.330000  0.064548
   475.400000  0.061622
   477.460000  0.066574
   479.530000  0.067517
   481.600000  0.058794
   483.670000  0.064163
   485.750000  0.067736
   487.820000  0.064888
   489.890000  0.064747
   491.970000  0.066742
   494.040000  0.067774
   496.120000  0.067281
   498.190000  0.064925
   500.270000  0.066478
   502.350000  0.067235
   504.430000  0.072478
   506.510000  0.069651
   508.590000  0.068707
   510.670000  0.068755
   512.750000  0.067870
   514.840000  0.070720
   516.920000  0.071902
   519.010000  0.069201
   521.090000  0.076278
   523.180000  0.069938
   525.270000  0.075910
   527.360000  0.073056
   529.450000  0.074171
   531.540000  0.074509
   533.630000  0.070341
   535.720000  0.076345
   537.810000  0.078024
   539.910000  0.077443
   542.000000  0.082648
   544.090000  0.080928
   546.190000  0.082564
   548.290000  0.081728
   550.390000  0.085648
   552.480000  0.082984
   554.580000  0.086273
   556.680000  0.087947
   558.790000  0.088053
   560.890000  0.094996
   562.990000  0.094535
   565.090000  0.093704
   567.200000  0.099564
   569.310000  0.102508
   571.410000  0.096417
   573.520000  0.105702
   575.630000  0.105743
   577.740000  0.114542
   579.850000  0.110153
   581.960000  0.113099
   584.070000  0.113393
   586.180000  0.117299
   588.290000  0.119818
   590.410000  0.112325
   592.520000  0.120939
   594.640000  0.116200
   596.750000  0.123059
   598.870000  0.128319
   600.990000  0.133728
   603.110000  0.125352
   605.230000  0.129757
   607.350000  0.127101
   609.470000  0.126482
   611.590000  0.134738
   613.720000  0.132093
   615.840000  0.134941
   617.970000  0.129941
   620.090000  0.129459
   622.220000  0.135772
   624.340000  0.139749
   626.470000  0.138746
   628.600000  0.133437
   630.730000  0.129541
   632.860000  0.139261
   635.000000  0.145241
   637.130000  0.142578
   639.260000  0.140902
   641.400000  0.145037
   643.530000  0.137123
   645.670000  0.140627
   647.800000  0.142161
   649.940000  0.147490
   652.080000  0.139885
   654.220000  0.141464
   656.360000  0.140770
   658.500000  0.144422
   660.640000  0.147706
   662.780000  0.150100
   664.930000  0.148706
   667.070000  0.149938
   669.220000  0.150039
   671.360000  0.145576
   673.510000  0.148382
   675.660000  0.150026
   677.810000  0.145615
   679.960000  0.149233
   682.110000  0.152443
   684.260000  0.159306
   686.410000  0.146410
   688.560000  0.152844
   690.720000  0.159762
   692.870000  0.155195
   695.030000  0.166095
   697.180000  0.162270
   699.340000  0.162021
   701.500000  0.160812
   703.660000  0.178514
   705.820000  0.173647
   707.980000  0.172821
   710.140000  0.169595
   712.300000  0.172980
   714.460000  0.183248
   716.630000  0.176435
   718.790000  0.166275
   720.960000  0.178952
   723.130000  0.193477
   725.290000  0.194701
   727.460000  0.198066
   729.630000  0.191555
   731.800000  0.185761
   733.970000  0.191549
   736.140000  0.200052
   738.310000  0.191370
   740.490000  0.195719
   742.660000  0.191607
   744.840000  0.202848
   747.010000  0.201486
   749.190000  0.196605
   751.370000  0.202709
   753.540000  0.200585
   755.720000  0.196331
   757.900000  0.212163
   760.080000  0.182317
   762.270000  0.178012
   764.450000  0.226461
   766.630000  0.221232
   768.820000  0.216610
   771.000000  0.198069
   773.190000  0.213401
   775.370000  0.203595
   777.560000  0.216063
   779.750000  0.216140
   781.940000  0.214960
   784.130000  0.213042
   786.320000  0.227165
   788.510000  0.212775
   790.700000  0.204143
   792.900000  0.207955
   795.090000  0.196685
   797.290000  0.209835
   799.480000  0.228047
   801.680000  0.211700
   803.880000  0.211718
   806.080000  0.203004
   808.280000  0.219629
   810.480000  0.203376
   812.680000  0.222472
   814.880000  0.202862
   817.080000  0.230673
   819.290000  0.219064
   821.490000  0.187574
   823.700000  0.227748
   825.900000  0.220459
   828.110000  0.226062
   830.320000  0.218795
   832.530000  0.205172
   834.740000  0.220359
   836.950000  0.232082
   839.160000  0.210432
   841.370000  0.225647
   843.580000  0.213655
   845.800000  0.218326
   848.010000  0.219857
   850.230000  0.205626
   852.440000  0.226779
   854.660000  0.214454
   856.880000  0.235515
   859.100000  0.234367
   861.320000  0.236912
   863.540000  0.220392
   865.760000  0.239426
   867.980000  0.232945
   870.200000  0.229515
   872.430000  0.230327
   874.650000  0.227507
   876.880000  0.241709
   879.110000  0.219833
   881.330000  0.258699
   883.560000  0.241305
   885.790000  0.225471
   888.020000  0.236960
   890.250000  0.235482
   892.480000  0.239598
   894.710000  0.190171
   896.950000  0.245143
   899.180000  0.233636
   901.420000  0.256959
   903.650000  0.243455
   905.890000  0.216467
   908.130000  0.242088
   910.370000  0.241787
   912.600000  0.251434
   914.840000  0.195406
   917.090000  0.228143
   919.330000  0.261983
   921.570000  0.206471
   923.810000  0.208872
   926.060000  0.301232
   928.300000  0.258084
   930.550000  0.248054
   932.800000  0.290942
   935.040000  0.226393
   937.290000  0.258781
   939.540000  0.300812
   941.790000  0.222186
   944.040000  0.259522
   946.290000  0.308792
   948.550000  0.260772
   950.800000  0.147424
   953.060000  0.181673
   955.310000  0.205232
   957.570000  0.226751
   959.820000  0.203065
   962.080000  0.191245
   964.340000  0.257123
   966.600000  0.268499
   968.860000  0.316656
   971.120000  0.267731
   973.380000  0.318433
   975.650000  0.273511
   977.910000  0.201396
   980.180000  0.290724
   982.440000  0.199509
   984.710000  0.182751
   986.970000  0.308459
   989.240000  0.204117
   991.510000  0.293763
   993.780000  0.283946
   996.050000  0.205579
   998.320000  0.358859
  1000.590000  0.339818
  1002.870000  0.175430
  1005.140000  0.236239
  1007.420000  0.163516
  1009.690000  0.194463
  1011.970000  0.282468
  1014.250000  0.194888
  1016.520000  0.259309
  1018.800000  0.219641
  1021.080000  0.172938
  1023.360000  0.232437
  1025.650000  0.149422
