ENVI ASCII Plot File [Sun Jul 30 09:27:13 2023]
Column 1: Wavelength
Column 2: headwall_nano_refl_24432 (1817,236)~~2##255,0,0
   398.225000  0.000000
   400.437000  0.000000
   402.649000  0.062305
   404.860000  0.063583
   407.072000  0.069002
   409.284000  0.044718
   411.496000  0.006600
   413.707000  0.049093
   415.919000  0.045114
   418.131000  0.023552
   420.343000  0.021310
   422.554000  0.020075
   424.766000  0.010790
   426.978000  0.037483
   429.190000  0.011855
   431.401000  0.019206
   433.613000  0.012746
   435.825000  0.024596
   438.037000  0.018197
   440.248000  0.019934
   442.460000  0.025263
   444.672000  0.021406
   446.884000  0.030094
   449.095000  0.025008
   451.307000  0.025760
   453.519000  0.024794
   455.731000  0.022362
   457.942000  0.026522
   460.154000  0.032842
   462.366000  0.025053
   464.578000  0.026465
   466.789000  0.026321
   469.001000  0.025691
   471.213000  0.022597
   473.425000  0.031423
   475.636000  0.026049
   477.848000  0.035215
   480.060000  0.031929
   482.272000  0.031524
   484.483000  0.032784
   486.695000  0.031834
   488.907000  0.026905
   491.119000  0.031057
   493.330000  0.025845
   495.542000  0.032842
   497.754000  0.034892
   499.966000  0.038013
   502.177000  0.033968
   504.389000  0.041050
   506.601000  0.030761
   508.813000  0.033570
   511.024000  0.033492
   513.236000  0.043054
   515.448000  0.035455
   517.660000  0.034044
   519.871000  0.034763
   522.083000  0.039461
   524.295000  0.036424
   526.507000  0.036704
   528.718000  0.035038
   530.930000  0.037284
   533.142000  0.034585
   535.354000  0.038646
   537.565000  0.039219
   539.777000  0.047800
   541.989000  0.039892
   544.201000  0.041801
   546.412000  0.038498
   548.624000  0.041950
   550.836000  0.044092
   553.048000  0.049331
   555.259000  0.045294
   557.471000  0.052598
   559.683000  0.043493
   561.895000  0.046308
   564.106000  0.049112
   566.318000  0.053061
   568.530000  0.050221
   570.742000  0.052352
   572.953000  0.052134
   575.165000  0.052818
   577.377000  0.053655
   579.589000  0.048581
   581.800000  0.048861
   584.012000  0.056247
   586.224000  0.055333
   588.436000  0.056734
   590.647000  0.060061
   592.859000  0.063874
   595.071000  0.056449
   597.283000  0.056222
   599.494000  0.060250
   601.706000  0.058623
   603.918000  0.059777
   606.130000  0.064654
   608.341000  0.059326
   610.553000  0.063330
   612.765000  0.061207
   614.977000  0.062014
   617.188000  0.053924
   619.400000  0.059878
   621.612000  0.053968
   623.824000  0.058108
   626.035000  0.055979
   628.247000  0.056843
   630.459000  0.057349
   632.671000  0.062359
   634.882000  0.062723
   637.094000  0.066903
   639.306000  0.057965
   641.518000  0.062365
   643.729000  0.059508
   645.941000  0.058100
   648.153000  0.058780
   650.365000  0.059238
   652.576000  0.057633
   654.788000  0.055203
   657.000000  0.058821
   659.212000  0.060881
   661.423000  0.063340
   663.635000  0.062335
   665.847000  0.058151
   668.059000  0.061489
   670.270000  0.059237
   672.482000  0.063245
   674.694000  0.059238
   676.906000  0.063488
   679.117000  0.059949
   681.329000  0.066718
   683.541000  0.065499
   685.753000  0.063458
   687.964000  0.057125
   690.176000  0.063514
   692.388000  0.060979
   694.600000  0.068161
   696.811000  0.060700
   699.023000  0.071406
   701.235000  0.064374
   703.447000  0.068803
   705.658000  0.076221
   707.870000  0.073148
   710.082000  0.077430
   712.294000  0.079888
   714.505000  0.070625
   716.717000  0.077659
   718.929000  0.071295
   721.141000  0.080200
   723.352000  0.073523
   725.564000  0.080565
   727.776000  0.076326
   729.988000  0.085423
   732.199000  0.078760
   734.411000  0.076404
   736.623000  0.080800
   738.835000  0.078390
   741.046000  0.074126
   743.258000  0.081154
   745.470000  0.081457
   747.682000  0.082554
   749.893000  0.084946
   752.105000  0.084286
   754.317000  0.074329
   756.529000  0.087372
   758.740000  0.076386
   760.952000  0.084093
   763.164000  0.085141
   765.376000  0.077071
   767.587000  0.076854
   769.799000  0.090861
   772.011000  0.083720
   774.223000  0.083299
   776.434000  0.079564
   778.646000  0.090313
   780.858000  0.084961
   783.070000  0.096538
   785.281000  0.077624
   787.493000  0.085232
   789.705000  0.086178
   791.917000  0.088210
   794.128000  0.084686
   796.340000  0.088848
   798.552000  0.090267
   800.764000  0.102714
   802.975000  0.091870
   805.187000  0.101849
   807.399000  0.090466
   809.611000  0.096107
   811.822000  0.090002
   814.034000  0.103825
   816.246000  0.093440
   818.458000  0.101733
   820.669000  0.081399
   822.881000  0.118238
   825.093000  0.099288
   827.305000  0.113377
   829.516000  0.090065
   831.728000  0.084842
   833.940000  0.096241
   836.152000  0.102342
   838.363000  0.084741
   840.575000  0.100283
   842.787000  0.088443
   844.999000  0.107085
   847.210000  0.086679
   849.422000  0.098188
   851.634000  0.104315
   853.846000  0.105205
   856.057000  0.088918
   858.269000  0.105427
   860.481000  0.110849
   862.693000  0.098829
   864.904000  0.113215
   867.116000  0.117909
   869.328000  0.117769
   871.540000  0.133288
   873.751000  0.110553
   875.963000  0.116455
   878.175000  0.099023
   880.387000  0.119269
   882.598000  0.120631
   884.810000  0.134194
   887.022000  0.105824
   889.234000  0.123825
   891.445000  0.123187
   893.657000  0.125925
   895.869000  0.104037
   898.081000  0.112102
   900.292000  0.121817
   902.504000  0.136497
   904.716000  0.111126
   906.928000  0.123946
   909.139000  0.114553
   911.351000  0.119195
   913.563000  0.102001
   915.775000  0.107413
   917.986000  0.118324
   920.198000  0.130076
   922.410000  0.099525
   924.622000  0.149027
   926.833000  0.150293
   929.045000  0.146337
   931.257000  0.145685
   933.469000  0.115736
   935.680000  0.043359
   937.892000  0.148178
   940.104000  0.105423
   942.316000  0.167334
   944.527000  0.151407
   946.739000  0.149995
   948.951000  0.136249
   951.163000  0.163405
   953.374000  0.104938
   955.586000  0.165053
   957.798000  0.175870
   960.010000  0.124495
   962.221000  0.084214
   964.433000  0.171591
   966.645000  0.167654
   968.857000  0.125084
   971.068000  0.148092
   973.280000  0.138128
   975.492000  0.139611
   977.704000  0.081924
   979.915000  0.183357
   982.127000  0.187061
   984.339000  0.190024
   986.551000  0.175717
   988.762000  0.118095
   990.974000  0.159953
   993.186000  0.068843
   995.398000  0.200207
   997.609000  0.143434
   999.821000  0.153149
  1002.030000  0.127952
