ENVI ASCII Plot File [Sun Jul 30 09:28:01 2023]
Column 1: Wavelength
Column 2: headwall_nano_refl_24432 (1811,244)~~2##255,0,0
   398.225000  0.013313
   400.437000  0.051562
   402.649000  0.064995
   404.860000  0.045158
   407.072000  0.048934
   409.284000  0.033431
   411.496000  0.089293
   413.707000  0.075136
   415.919000  0.082253
   418.131000  0.061717
   420.343000  0.066535
   422.554000  0.061030
   424.766000  0.060779
   426.978000  0.052677
   429.190000  0.044495
   431.401000  0.058869
   433.613000  0.034235
   435.825000  0.063768
   438.037000  0.085495
   440.248000  0.072555
   442.460000  0.079924
   444.672000  0.080784
   446.884000  0.078908
   449.095000  0.083166
   451.307000  0.081092
   453.519000  0.076941
   455.731000  0.081805
   457.942000  0.076845
   460.154000  0.074540
   462.366000  0.081896
   464.578000  0.087340
   466.789000  0.080356
   469.001000  0.079174
   471.213000  0.081157
   473.425000  0.090652
   475.636000  0.081541
   477.848000  0.088087
   480.060000  0.090759
   482.272000  0.091388
   484.483000  0.079029
   486.695000  0.083044
   488.907000  0.085747
   491.119000  0.088010
   493.330000  0.087188
   495.542000  0.089622
   497.754000  0.080986
   499.966000  0.087203
   502.177000  0.084785
   504.389000  0.085035
   506.601000  0.086201
   508.813000  0.092142
   511.024000  0.089623
   513.236000  0.092441
   515.448000  0.085768
   517.660000  0.092736
   519.871000  0.090265
   522.083000  0.089219
   524.295000  0.084367
   526.507000  0.088457
   528.718000  0.092373
   530.930000  0.088835
   533.142000  0.093579
   535.354000  0.094026
   537.565000  0.094837
   539.777000  0.098361
   541.989000  0.091713
   544.201000  0.093001
   546.412000  0.098700
   548.624000  0.097500
   550.836000  0.093799
   553.048000  0.099673
   555.259000  0.093489
   557.471000  0.103268
   559.683000  0.094663
   561.895000  0.097832
   564.106000  0.101634
   566.318000  0.107257
   568.530000  0.099114
   570.742000  0.103846
   572.953000  0.110255
   575.165000  0.110162
   577.377000  0.111994
   579.589000  0.107765
   581.800000  0.112405
   584.012000  0.103107
   586.224000  0.105157
   588.436000  0.107975
   590.647000  0.110891
   592.859000  0.118374
   595.071000  0.109218
   597.283000  0.116544
   599.494000  0.112276
   601.706000  0.117115
   603.918000  0.119639
   606.130000  0.113098
   608.341000  0.112855
   610.553000  0.115694
   612.765000  0.117881
   614.977000  0.119903
   617.188000  0.114742
   619.400000  0.125065
   621.612000  0.112019
   623.824000  0.114877
   626.035000  0.107700
   628.247000  0.121807
   630.459000  0.116886
   632.671000  0.128224
   634.882000  0.114142
   637.094000  0.113844
   639.306000  0.118734
   641.518000  0.116299
   643.729000  0.114509
   645.941000  0.119890
   648.153000  0.122766
   650.365000  0.123653
   652.576000  0.119693
   654.788000  0.118720
   657.000000  0.118194
   659.212000  0.115569
   661.423000  0.120425
   663.635000  0.123052
   665.847000  0.116780
   668.059000  0.116095
   670.270000  0.117304
   672.482000  0.117440
   674.694000  0.116493
   676.906000  0.122666
   679.117000  0.112709
   681.329000  0.125425
   683.541000  0.124759
   685.753000  0.121161
   687.964000  0.122035
   690.176000  0.120502
   692.388000  0.127549
   694.600000  0.117508
   696.811000  0.128803
   699.023000  0.132504
   701.235000  0.131255
   703.447000  0.132061
   705.658000  0.129512
   707.870000  0.135447
   710.082000  0.133025
   712.294000  0.144101
   714.505000  0.137140
   716.717000  0.141456
   718.929000  0.135152
   721.141000  0.142801
   723.352000  0.146068
   725.564000  0.131225
   727.776000  0.131495
   729.988000  0.132259
   732.199000  0.143254
   734.411000  0.132669
   736.623000  0.125911
   738.835000  0.143343
   741.046000  0.140309
   743.258000  0.149433
   745.470000  0.140179
   747.682000  0.155504
   749.893000  0.136116
   752.105000  0.137202
   754.317000  0.146913
   756.529000  0.143383
   758.740000  0.132264
   760.952000  0.143661
   763.164000  0.136209
   765.376000  0.141088
   767.587000  0.144310
   769.799000  0.132542
   772.011000  0.139631
   774.223000  0.132970
   776.434000  0.140148
   778.646000  0.159202
   780.858000  0.137948
   783.070000  0.138184
   785.281000  0.142319
   787.493000  0.147510
   789.705000  0.128951
   791.917000  0.146208
   794.128000  0.129589
   796.340000  0.131124
   798.552000  0.133947
   800.764000  0.139102
   802.975000  0.130918
   805.187000  0.163273
   807.399000  0.143156
   809.611000  0.134760
   811.822000  0.145018
   814.034000  0.137959
   816.246000  0.145557
   818.458000  0.128881
   820.669000  0.133043
   822.881000  0.136057
   825.093000  0.128906
   827.305000  0.137393
   829.516000  0.145124
   831.728000  0.149332
   833.940000  0.138609
   836.152000  0.143942
   838.363000  0.135571
   840.575000  0.140041
   842.787000  0.138068
   844.999000  0.151460
   847.210000  0.144616
   849.422000  0.140760
   851.634000  0.152673
   853.846000  0.143839
   856.057000  0.137637
   858.269000  0.137441
   860.481000  0.134302
   862.693000  0.127131
   864.904000  0.142577
   867.116000  0.139523
   869.328000  0.140886
   871.540000  0.147710
   873.751000  0.137390
   875.963000  0.148849
   878.175000  0.154562
   880.387000  0.137556
   882.598000  0.133109
   884.810000  0.136165
   887.022000  0.158169
   889.234000  0.141922
   891.445000  0.139181
   893.657000  0.147094
   895.869000  0.164649
   898.081000  0.132927
   900.292000  0.126502
   902.504000  0.089266
   904.716000  0.147393
   906.928000  0.130961
   909.139000  0.146162
   911.351000  0.155535
   913.563000  0.120738
   915.775000  0.133632
   917.986000  0.150674
   920.198000  0.136308
   922.410000  0.183436
   924.622000  0.148606
   926.833000  0.158965
   929.045000  0.169130
   931.257000  0.195948
   933.469000  0.187869
   935.680000  0.082462
   937.892000  0.173391
   940.104000  0.136240
   942.316000  0.176907
   944.527000  0.160895
   946.739000  0.158434
   948.951000  0.152055
   951.163000  0.198397
   953.374000  0.149134
   955.586000  0.120682
   957.798000  0.131994
   960.010000  0.213151
   962.221000  0.173445
   964.433000  0.184279
   966.645000  0.211470
   968.857000  0.192308
   971.068000  0.073143
   973.280000  0.153641
   975.492000  0.102217
   977.704000  0.158716
   979.915000  0.239845
   982.127000  0.177683
   984.339000  0.111201
   986.551000  0.155807
   988.762000  0.127311
   990.974000  0.211792
   993.186000  0.230991
   995.398000  0.181376
   997.609000  0.135621
   999.821000  0.184979
  1002.030000  0.160304
