ENVI ASCII Plot File [Sun Jul 30 09:17:18 2023]
Column 1: Wavelength
Column 2: headwall_nano_refl_24432 (1852,184)~~2##255,0,0
   398.225000  0.020294
   400.437000  0.027506
   402.649000  0.070365
   404.860000  0.055054
   407.072000  0.045326
   409.284000  0.048161
   411.496000  0.064001
   413.707000  0.054440
   415.919000  0.056990
   418.131000  0.066643
   420.343000  0.059983
   422.554000  0.043973
   424.766000  0.052944
   426.978000  0.061941
   429.190000  0.047942
   431.401000  0.048450
   433.613000  0.062155
   435.825000  0.057244
   438.037000  0.042781
   440.248000  0.049158
   442.460000  0.046520
   444.672000  0.058569
   446.884000  0.058337
   449.095000  0.070292
   451.307000  0.068224
   453.519000  0.062024
   455.731000  0.062298
   457.942000  0.060734
   460.154000  0.061670
   462.366000  0.055174
   464.578000  0.067091
   466.789000  0.057884
   469.001000  0.060886
   471.213000  0.061843
   473.425000  0.068358
   475.636000  0.063703
   477.848000  0.065476
   480.060000  0.062981
   482.272000  0.065562
   484.483000  0.061998
   486.695000  0.069310
   488.907000  0.067457
   491.119000  0.066965
   493.330000  0.063058
   495.542000  0.074923
   497.754000  0.072294
   499.966000  0.069866
   502.177000  0.066976
   504.389000  0.064948
   506.601000  0.071152
   508.813000  0.076813
   511.024000  0.077166
   513.236000  0.078483
   515.448000  0.073260
   517.660000  0.071942
   519.871000  0.073957
   522.083000  0.072714
   524.295000  0.072489
   526.507000  0.075853
   528.718000  0.078189
   530.930000  0.077634
   533.142000  0.076552
   535.354000  0.077861
   537.565000  0.080820
   539.777000  0.082791
   541.989000  0.080542
   544.201000  0.086300
   546.412000  0.087654
   548.624000  0.089694
   550.836000  0.101628
   553.048000  0.100728
   555.259000  0.100932
   557.471000  0.099757
   559.683000  0.094935
   561.895000  0.094956
   564.106000  0.106568
   566.318000  0.106602
   568.530000  0.109028
   570.742000  0.116181
   572.953000  0.110348
   575.165000  0.123103
   577.377000  0.121591
   579.589000  0.124941
   581.800000  0.127165
   584.012000  0.127961
   586.224000  0.135460
   588.436000  0.134013
   590.647000  0.137082
   592.859000  0.135727
   595.071000  0.149054
   597.283000  0.139395
   599.494000  0.142613
   601.706000  0.140526
   603.918000  0.145582
   606.130000  0.140204
   608.341000  0.154015
   610.553000  0.151145
   612.765000  0.152639
   614.977000  0.150546
   617.188000  0.148388
   619.400000  0.153511
   621.612000  0.149124
   623.824000  0.162167
   626.035000  0.163652
   628.247000  0.158648
   630.459000  0.151170
   632.671000  0.152861
   634.882000  0.157652
   637.094000  0.155193
   639.306000  0.154661
   641.518000  0.160063
   643.729000  0.160046
   645.941000  0.161516
   648.153000  0.159519
   650.365000  0.168921
   652.576000  0.158843
   654.788000  0.159457
   657.000000  0.160613
   659.212000  0.157687
   661.423000  0.164610
   663.635000  0.161821
   665.847000  0.158426
   668.059000  0.159216
   670.270000  0.164316
   672.482000  0.164311
   674.694000  0.163244
   676.906000  0.165584
   679.117000  0.164783
   681.329000  0.168840
   683.541000  0.169850
   685.753000  0.171428
   687.964000  0.171275
   690.176000  0.174743
   692.388000  0.174427
   694.600000  0.179606
   696.811000  0.171494
   699.023000  0.175246
   701.235000  0.178298
   703.447000  0.178295
   705.658000  0.175158
   707.870000  0.191456
   710.082000  0.183187
   712.294000  0.178023
   714.505000  0.171040
   716.717000  0.185418
   718.929000  0.185971
   721.141000  0.180353
   723.352000  0.182479
   725.564000  0.197739
   727.776000  0.181782
   729.988000  0.181327
   732.199000  0.184080
   734.411000  0.185149
   736.623000  0.185597
   738.835000  0.188611
   741.046000  0.183948
   743.258000  0.201129
   745.470000  0.187084
   747.682000  0.192985
   749.893000  0.190023
   752.105000  0.199865
   754.317000  0.190150
   756.529000  0.194442
   758.740000  0.193069
   760.952000  0.201795
   763.164000  0.188375
   765.376000  0.192848
   767.587000  0.194130
   769.799000  0.196636
   772.011000  0.191460
   774.223000  0.210691
   776.434000  0.195544
   778.646000  0.201447
   780.858000  0.180957
   783.070000  0.209356
   785.281000  0.206297
   787.493000  0.208147
   789.705000  0.197488
   791.917000  0.199326
   794.128000  0.194116
   796.340000  0.199015
   798.552000  0.190919
   800.764000  0.201240
   802.975000  0.182847
   805.187000  0.194173
   807.399000  0.191694
   809.611000  0.202875
   811.822000  0.200216
   814.034000  0.205408
   816.246000  0.199430
   818.458000  0.192042
   820.669000  0.194721
   822.881000  0.193157
   825.093000  0.200163
   827.305000  0.205622
   829.516000  0.195448
   831.728000  0.202238
   833.940000  0.193452
   836.152000  0.196849
   838.363000  0.210408
   840.575000  0.223508
   842.787000  0.203112
   844.999000  0.187282
   847.210000  0.196772
   849.422000  0.220138
   851.634000  0.192172
   853.846000  0.190521
   856.057000  0.190593
   858.269000  0.213466
   860.481000  0.219166
   862.693000  0.179215
   864.904000  0.202248
   867.116000  0.193622
   869.328000  0.215795
   871.540000  0.226551
   873.751000  0.204961
   875.963000  0.215006
   878.175000  0.185430
   880.387000  0.218224
   882.598000  0.222381
   884.810000  0.212061
   887.022000  0.186032
   889.234000  0.214694
   891.445000  0.201661
   893.657000  0.207065
   895.869000  0.206350
   898.081000  0.206267
   900.292000  0.190628
   902.504000  0.228012
   904.716000  0.213931
   906.928000  0.165538
   909.139000  0.229920
   911.351000  0.212074
   913.563000  0.205104
   915.775000  0.208105
   917.986000  0.193875
   920.198000  0.198155
   922.410000  0.226726
   924.622000  0.245611
   926.833000  0.219221
   929.045000  0.215897
   931.257000  0.224968
   933.469000  0.199905
   935.680000  0.245244
   937.892000  0.211486
   940.104000  0.280415
   942.316000  0.267524
   944.527000  0.196840
   946.739000  0.246947
   948.951000  0.254357
   951.163000  0.248138
   953.374000  0.289413
   955.586000  0.184659
   957.798000  0.218248
   960.010000  0.246127
   962.221000  0.228836
   964.433000  0.248381
   966.645000  0.206918
   968.857000  0.226385
   971.068000  0.190954
   973.280000  0.211531
   975.492000  0.190066
   977.704000  0.231713
   979.915000  0.197979
   982.127000  0.251347
   984.339000  0.215308
   986.551000  0.202158
   988.762000  0.181705
   990.974000  0.245735
   993.186000  0.217960
   995.398000  0.293328
   997.609000  0.248035
   999.821000  0.206919
  1002.030000  0.175128
