ENVI ASCII Plot File [Sun Jul 30 09:21:07 2023]
Column 1: Wavelength
Column 2: headwall_nano_refl_24432 (1861,204)~~2##255,0,0
   398.225000  0.026199
   400.437000  0.091038
   402.649000  0.022892
   404.860000  0.018974
   407.072000  0.043066
   409.284000  0.019063
   411.496000  0.064177
   413.707000  0.073292
   415.919000  0.047463
   418.131000  0.027121
   420.343000  0.040920
   422.554000  0.052353
   424.766000  0.057914
   426.978000  0.041631
   429.190000  0.053187
   431.401000  0.056712
   433.613000  0.050278
   435.825000  0.048936
   438.037000  0.051678
   440.248000  0.053070
   442.460000  0.060980
   444.672000  0.052609
   446.884000  0.053578
   449.095000  0.049732
   451.307000  0.058643
   453.519000  0.056669
   455.731000  0.067248
   457.942000  0.060525
   460.154000  0.057796
   462.366000  0.046112
   464.578000  0.063922
   466.789000  0.057598
   469.001000  0.047906
   471.213000  0.060879
   473.425000  0.066112
   475.636000  0.062313
   477.848000  0.061416
   480.060000  0.059232
   482.272000  0.069413
   484.483000  0.068500
   486.695000  0.064563
   488.907000  0.063072
   491.119000  0.070527
   493.330000  0.070580
   495.542000  0.066200
   497.754000  0.073069
   499.966000  0.074096
   502.177000  0.068418
   504.389000  0.072617
   506.601000  0.068933
   508.813000  0.073147
   511.024000  0.070890
   513.236000  0.068949
   515.448000  0.070351
   517.660000  0.074211
   519.871000  0.066258
   522.083000  0.077407
   524.295000  0.073700
   526.507000  0.075479
   528.718000  0.078195
   530.930000  0.079254
   533.142000  0.081608
   535.354000  0.086556
   537.565000  0.081170
   539.777000  0.088967
   541.989000  0.076260
   544.201000  0.083827
   546.412000  0.087418
   548.624000  0.088539
   550.836000  0.092879
   553.048000  0.093985
   555.259000  0.095180
   557.471000  0.099556
   559.683000  0.107393
   561.895000  0.105155
   564.106000  0.103157
   566.318000  0.105175
   568.530000  0.110644
   570.742000  0.114014
   572.953000  0.117413
   575.165000  0.120567
   577.377000  0.126214
   579.589000  0.134512
   581.800000  0.133036
   584.012000  0.131995
   586.224000  0.137107
   588.436000  0.136144
   590.647000  0.140785
   592.859000  0.144477
   595.071000  0.142378
   597.283000  0.147170
   599.494000  0.152606
   601.706000  0.160255
   603.918000  0.163245
   606.130000  0.151065
   608.341000  0.153654
   610.553000  0.164479
   612.765000  0.157597
   614.977000  0.158015
   617.188000  0.153050
   619.400000  0.155425
   621.612000  0.165582
   623.824000  0.157676
   626.035000  0.161750
   628.247000  0.172996
   630.459000  0.164992
   632.671000  0.158808
   634.882000  0.166301
   637.094000  0.163418
   639.306000  0.163935
   641.518000  0.160446
   643.729000  0.164165
   645.941000  0.166448
   648.153000  0.167859
   650.365000  0.166671
   652.576000  0.167147
   654.788000  0.168137
   657.000000  0.170221
   659.212000  0.168633
   661.423000  0.167465
   663.635000  0.161015
   665.847000  0.170594
   668.059000  0.173269
   670.270000  0.170903
   672.482000  0.170365
   674.694000  0.168359
   676.906000  0.172807
   679.117000  0.177334
   681.329000  0.163834
   683.541000  0.176299
   685.753000  0.184587
   687.964000  0.172618
   690.176000  0.173920
   692.388000  0.171787
   694.600000  0.179631
   696.811000  0.176411
   699.023000  0.187835
   701.235000  0.182299
   703.447000  0.184807
   705.658000  0.174671
   707.870000  0.190547
   710.082000  0.185858
   712.294000  0.197167
   714.505000  0.189178
   716.717000  0.185221
   718.929000  0.184847
   721.141000  0.195259
   723.352000  0.186977
   725.564000  0.189882
   727.776000  0.193880
   729.988000  0.194566
   732.199000  0.190190
   734.411000  0.188238
   736.623000  0.200094
   738.835000  0.203688
   741.046000  0.191638
   743.258000  0.189399
   745.470000  0.194508
   747.682000  0.200002
   749.893000  0.197390
   752.105000  0.203101
   754.317000  0.202461
   756.529000  0.200123
   758.740000  0.202904
   760.952000  0.192025
   763.164000  0.191161
   765.376000  0.203653
   767.587000  0.192949
   769.799000  0.189330
   772.011000  0.203413
   774.223000  0.189563
   776.434000  0.194288
   778.646000  0.199565
   780.858000  0.193904
   783.070000  0.199483
   785.281000  0.202056
   787.493000  0.194788
   789.705000  0.193555
   791.917000  0.200383
   794.128000  0.205059
   796.340000  0.205961
   798.552000  0.201763
   800.764000  0.193792
   802.975000  0.203676
   805.187000  0.199595
   807.399000  0.205165
   809.611000  0.218069
   811.822000  0.206727
   814.034000  0.193074
   816.246000  0.184733
   818.458000  0.203674
   820.669000  0.194523
   822.881000  0.206447
   825.093000  0.198437
   827.305000  0.209583
   829.516000  0.204274
   831.728000  0.176914
   833.940000  0.184083
   836.152000  0.187934
   838.363000  0.203089
   840.575000  0.200181
   842.787000  0.209845
   844.999000  0.199748
   847.210000  0.178977
   849.422000  0.199461
   851.634000  0.198079
   853.846000  0.204105
   856.057000  0.202080
   858.269000  0.184999
   860.481000  0.214494
   862.693000  0.217803
   864.904000  0.216626
   867.116000  0.202046
   869.328000  0.203906
   871.540000  0.203657
   873.751000  0.185678
   875.963000  0.215016
   878.175000  0.207808
   880.387000  0.212253
   882.598000  0.199155
   884.810000  0.211996
   887.022000  0.194463
   889.234000  0.220491
   891.445000  0.207406
   893.657000  0.212668
   895.869000  0.197580
   898.081000  0.198633
   900.292000  0.217038
   902.504000  0.218565
   904.716000  0.171521
   906.928000  0.212420
   909.139000  0.193015
   911.351000  0.163687
   913.563000  0.235346
   915.775000  0.201325
   917.986000  0.178795
   920.198000  0.218670
   922.410000  0.245626
   924.622000  0.195983
   926.833000  0.218404
   929.045000  0.251452
   931.257000  0.238359
   933.469000  0.236253
   935.680000  0.246959
   937.892000  0.261953
   940.104000  0.189451
   942.316000  0.212558
   944.527000  0.208079
   946.739000  0.260251
   948.951000  0.239921
   951.163000  0.263859
   953.374000  0.200279
   955.586000  0.158502
   957.798000  0.209774
   960.010000  0.188472
   962.221000  0.187339
   964.433000  0.225024
   966.645000  0.220861
   968.857000  0.222892
   971.068000  0.214680
   973.280000  0.213001
   975.492000  0.229760
   977.704000  0.226774
   979.915000  0.191583
   982.127000  0.202245
   984.339000  0.250505
   986.551000  0.212245
   988.762000  0.209060
   990.974000  0.198649
   993.186000  0.340705
   995.398000  0.147013
   997.609000  0.191949
   999.821000  0.228696
  1002.030000  0.180429
