ENVI ASCII Plot File [Sun Jul 30 09:20:20 2023]
Column 1: Wavelength
Column 2: headwall_nano_refl_24432 (1861,200)~~2##255,0,0
   398.225000  0.000000
   400.437000  0.071591
   402.649000  0.051417
   404.860000  0.053262
   407.072000  0.000000
   409.284000  0.034622
   411.496000  0.051057
   413.707000  0.039569
   415.919000  0.063123
   418.131000  0.026542
   420.343000  0.034315
   422.554000  0.047157
   424.766000  0.032903
   426.978000  0.048713
   429.190000  0.060132
   431.401000  0.026982
   433.613000  0.040374
   435.825000  0.038542
   438.037000  0.040149
   440.248000  0.031385
   442.460000  0.047195
   444.672000  0.031154
   446.884000  0.039163
   449.095000  0.046733
   451.307000  0.049531
   453.519000  0.046766
   455.731000  0.044005
   457.942000  0.050708
   460.154000  0.052512
   462.366000  0.051452
   464.578000  0.051550
   466.789000  0.048053
   469.001000  0.053306
   471.213000  0.059883
   473.425000  0.049609
   475.636000  0.047260
   477.848000  0.048420
   480.060000  0.047222
   482.272000  0.045159
   484.483000  0.054016
   486.695000  0.050559
   488.907000  0.052436
   491.119000  0.053578
   493.330000  0.049781
   495.542000  0.053660
   497.754000  0.054247
   499.966000  0.056881
   502.177000  0.054155
   504.389000  0.057859
   506.601000  0.049751
   508.813000  0.048132
   511.024000  0.049664
   513.236000  0.059862
   515.448000  0.051792
   517.660000  0.053792
   519.871000  0.058095
   522.083000  0.057071
   524.295000  0.062145
   526.507000  0.062957
   528.718000  0.053253
   530.930000  0.064484
   533.142000  0.057734
   535.354000  0.061491
   537.565000  0.064620
   539.777000  0.063697
   541.989000  0.067800
   544.201000  0.073920
   546.412000  0.078460
   548.624000  0.071261
   550.836000  0.070285
   553.048000  0.067811
   555.259000  0.075421
   557.471000  0.077148
   559.683000  0.079562
   561.895000  0.081049
   564.106000  0.077954
   566.318000  0.079870
   568.530000  0.087529
   570.742000  0.087114
   572.953000  0.088333
   575.165000  0.086984
   577.377000  0.090435
   579.589000  0.098305
   581.800000  0.098531
   584.012000  0.102046
   586.224000  0.106709
   588.436000  0.104308
   590.647000  0.103123
   592.859000  0.107439
   595.071000  0.110369
   597.283000  0.111972
   599.494000  0.116089
   601.706000  0.115697
   603.918000  0.109406
   606.130000  0.111111
   608.341000  0.120287
   610.553000  0.117119
   612.765000  0.116877
   614.977000  0.123324
   617.188000  0.122501
   619.400000  0.124850
   621.612000  0.116032
   623.824000  0.116099
   626.035000  0.117066
   628.247000  0.126784
   630.459000  0.119833
   632.671000  0.120232
   634.882000  0.119831
   637.094000  0.121846
   639.306000  0.123980
   641.518000  0.122892
   643.729000  0.120808
   645.941000  0.130398
   648.153000  0.125504
   650.365000  0.127532
   652.576000  0.124910
   654.788000  0.130514
   657.000000  0.121989
   659.212000  0.130225
   661.423000  0.128383
   663.635000  0.134903
   665.847000  0.126372
   668.059000  0.132403
   670.270000  0.120641
   672.482000  0.132585
   674.694000  0.127222
   676.906000  0.132638
   679.117000  0.126356
   681.329000  0.138916
   683.541000  0.129882
   685.753000  0.135845
   687.964000  0.130293
   690.176000  0.142388
   692.388000  0.139800
   694.600000  0.131873
   696.811000  0.138279
   699.023000  0.143437
   701.235000  0.138755
   703.447000  0.140044
   705.658000  0.144854
   707.870000  0.142249
   710.082000  0.153269
   712.294000  0.145613
   714.505000  0.148823
   716.717000  0.155623
   718.929000  0.141324
   721.141000  0.155975
   723.352000  0.158804
   725.564000  0.159613
   727.776000  0.146771
   729.988000  0.165652
   732.199000  0.155416
   734.411000  0.156652
   736.623000  0.156627
   738.835000  0.155146
   741.046000  0.161047
   743.258000  0.171121
   745.470000  0.158651
   747.682000  0.151702
   749.893000  0.157936
   752.105000  0.158835
   754.317000  0.155972
   756.529000  0.165131
   758.740000  0.161033
   760.952000  0.158314
   763.164000  0.140493
   765.376000  0.153819
   767.587000  0.149695
   769.799000  0.161430
   772.011000  0.147107
   774.223000  0.161028
   776.434000  0.158559
   778.646000  0.164705
   780.858000  0.160682
   783.070000  0.157475
   785.281000  0.164867
   787.493000  0.157246
   789.705000  0.156949
   791.917000  0.165358
   794.128000  0.148527
   796.340000  0.163018
   798.552000  0.158896
   800.764000  0.149789
   802.975000  0.165393
   805.187000  0.162134
   807.399000  0.155599
   809.611000  0.138953
   811.822000  0.152732
   814.034000  0.148085
   816.246000  0.151490
   818.458000  0.161401
   820.669000  0.151874
   822.881000  0.148225
   825.093000  0.152523
   827.305000  0.177318
   829.516000  0.157313
   831.728000  0.175713
   833.940000  0.149718
   836.152000  0.153409
   838.363000  0.168285
   840.575000  0.162736
   842.787000  0.150488
   844.999000  0.153676
   847.210000  0.141565
   849.422000  0.149072
   851.634000  0.160744
   853.846000  0.156494
   856.057000  0.149420
   858.269000  0.162407
   860.481000  0.148914
   862.693000  0.164734
   864.904000  0.126266
   867.116000  0.163173
   869.328000  0.138395
   871.540000  0.147445
   873.751000  0.154148
   875.963000  0.150545
   878.175000  0.135407
   880.387000  0.176905
   882.598000  0.122080
   884.810000  0.137228
   887.022000  0.174442
   889.234000  0.184751
   891.445000  0.143752
   893.657000  0.152879
   895.869000  0.159409
   898.081000  0.152598
   900.292000  0.147944
   902.504000  0.134622
   904.716000  0.150651
   906.928000  0.162750
   909.139000  0.150163
   911.351000  0.151926
   913.563000  0.146325
   915.775000  0.130484
   917.986000  0.179044
   920.198000  0.157973
   922.410000  0.162117
   924.622000  0.192803
   926.833000  0.177009
   929.045000  0.147288
   931.257000  0.186332
   933.469000  0.231776
   935.680000  0.184914
   937.892000  0.188124
   940.104000  0.136171
   942.316000  0.201279
   944.527000  0.180015
   946.739000  0.017074
   948.951000  0.157266
   951.163000  0.180335
   953.374000  0.186375
   955.586000  0.155528
   957.798000  0.211855
   960.010000  0.128648
   962.221000  0.138180
   964.433000  0.180841
   966.645000  0.186825
   968.857000  0.143044
   971.068000  0.136985
   973.280000  0.193691
   975.492000  0.150072
   977.704000  0.074896
   979.915000  0.194213
   982.127000  0.130821
   984.339000  0.203673
   986.551000  0.156537
   988.762000  0.166387
   990.974000  0.159969
   993.186000  0.154012
   995.398000  0.219053
   997.609000  0.145577
   999.821000  0.115859
  1002.030000  0.155831
