ENVI ASCII Plot File [Sun Jul 30 09:25:11 2023]
Column 1: Wavelength
Column 2: headwall_nano_refl_24432 (1857,237)~~2##255,0,0
   398.225000  0.059007
   400.437000  0.026945
   402.649000  0.019485
   404.860000  0.025526
   407.072000  0.046076
   409.284000  0.041471
   411.496000  0.047761
   413.707000  0.044271
   415.919000  0.034913
   418.131000  0.030668
   420.343000  0.041315
   422.554000  0.029008
   424.766000  0.027710
   426.978000  0.030144
   429.190000  0.033454
   431.401000  0.036244
   433.613000  0.039905
   435.825000  0.033838
   438.037000  0.040693
   440.248000  0.033056
   442.460000  0.037201
   444.672000  0.034946
   446.884000  0.035448
   449.095000  0.041474
   451.307000  0.042167
   453.519000  0.041109
   455.731000  0.041107
   457.942000  0.037467
   460.154000  0.046640
   462.366000  0.042591
   464.578000  0.042055
   466.789000  0.043171
   469.001000  0.047324
   471.213000  0.040957
   473.425000  0.048914
   475.636000  0.043251
   477.848000  0.045544
   480.060000  0.045119
   482.272000  0.045297
   484.483000  0.046735
   486.695000  0.047448
   488.907000  0.047713
   491.119000  0.049596
   493.330000  0.046339
   495.542000  0.048760
   497.754000  0.044826
   499.966000  0.047900
   502.177000  0.047455
   504.389000  0.052114
   506.601000  0.049003
   508.813000  0.050307
   511.024000  0.048799
   513.236000  0.050995
   515.448000  0.049170
   517.660000  0.050477
   519.871000  0.049320
   522.083000  0.052077
   524.295000  0.048998
   526.507000  0.050128
   528.718000  0.050260
   530.930000  0.054900
   533.142000  0.053002
   535.354000  0.052265
   537.565000  0.054145
   539.777000  0.053155
   541.989000  0.051772
   544.201000  0.057954
   546.412000  0.051607
   548.624000  0.057906
   550.836000  0.053289
   553.048000  0.059703
   555.259000  0.055529
   557.471000  0.059858
   559.683000  0.055289
   561.895000  0.056806
   564.106000  0.060282
   566.318000  0.061514
   568.530000  0.061021
   570.742000  0.060596
   572.953000  0.061095
   575.165000  0.063505
   577.377000  0.061793
   579.589000  0.063860
   581.800000  0.063317
   584.012000  0.065806
   586.224000  0.063806
   588.436000  0.066289
   590.647000  0.064746
   592.859000  0.066852
   595.071000  0.065008
   597.283000  0.069163
   599.494000  0.067949
   601.706000  0.069786
   603.918000  0.064823
   606.130000  0.067911
   608.341000  0.067271
   610.553000  0.070076
   612.765000  0.067747
   614.977000  0.069411
   617.188000  0.065010
   619.400000  0.069762
   621.612000  0.067481
   623.824000  0.072992
   626.035000  0.068094
   628.247000  0.070093
   630.459000  0.068211
   632.671000  0.070318
   634.882000  0.070185
   637.094000  0.070311
   639.306000  0.065873
   641.518000  0.072491
   643.729000  0.070557
   645.941000  0.070992
   648.153000  0.069362
   650.365000  0.073344
   652.576000  0.071050
   654.788000  0.073278
   657.000000  0.072160
   659.212000  0.069770
   661.423000  0.069179
   663.635000  0.068476
   665.847000  0.065807
   668.059000  0.068028
   670.270000  0.069218
   672.482000  0.071414
   674.694000  0.067598
   676.906000  0.069970
   679.117000  0.068018
   681.329000  0.072331
   683.541000  0.070872
   685.753000  0.076246
   687.964000  0.070267
   690.176000  0.073925
   692.388000  0.073216
   694.600000  0.074488
   696.811000  0.076206
   699.023000  0.080941
   701.235000  0.078638
   703.447000  0.083634
   705.658000  0.078543
   707.870000  0.085873
   710.082000  0.083941
   712.294000  0.087602
   714.505000  0.082015
   716.717000  0.088338
   718.929000  0.085482
   721.141000  0.089388
   723.352000  0.087219
   725.564000  0.091042
   727.776000  0.086055
   729.988000  0.093206
   732.199000  0.089515
   734.411000  0.095157
   736.623000  0.088956
   738.835000  0.094222
   741.046000  0.093102
   743.258000  0.093662
   745.470000  0.092052
   747.682000  0.095617
   749.893000  0.093018
   752.105000  0.098510
   754.317000  0.095485
   756.529000  0.099117
   758.740000  0.090653
   760.952000  0.095912
   763.164000  0.085764
   765.376000  0.098141
   767.587000  0.092400
   769.799000  0.098217
   772.011000  0.093859
   774.223000  0.102795
   776.434000  0.100117
   778.646000  0.102297
   780.858000  0.100677
   783.070000  0.104709
   785.281000  0.097557
   787.493000  0.104934
   789.705000  0.100356
   791.917000  0.104056
   794.128000  0.103436
   796.340000  0.105524
   798.552000  0.102652
   800.764000  0.108022
   802.975000  0.106877
   805.187000  0.111488
   807.399000  0.103402
   809.611000  0.111004
   811.822000  0.110563
   814.034000  0.111376
   816.246000  0.105456
   818.458000  0.113734
   820.669000  0.107815
   822.881000  0.118507
   825.093000  0.105209
   827.305000  0.110479
   829.516000  0.108711
   831.728000  0.115872
   833.940000  0.111376
   836.152000  0.109549
   838.363000  0.110479
   840.575000  0.114536
   842.787000  0.116569
   844.999000  0.115219
   847.210000  0.114712
   849.422000  0.119278
   851.634000  0.107624
   853.846000  0.124935
   856.057000  0.111840
   858.269000  0.126353
   860.481000  0.119413
   862.693000  0.127085
   864.904000  0.116036
   867.116000  0.119952
   869.328000  0.125495
   871.540000  0.116984
   873.751000  0.123308
   875.963000  0.126269
   878.175000  0.121159
   880.387000  0.128967
   882.598000  0.114466
   884.810000  0.133829
   887.022000  0.118222
   889.234000  0.127169
   891.445000  0.129281
   893.657000  0.134403
   895.869000  0.128615
   898.081000  0.125695
   900.292000  0.124989
   902.504000  0.129108
   904.716000  0.127235
   906.928000  0.120090
   909.139000  0.134037
   911.351000  0.135238
   913.563000  0.118493
   915.775000  0.137163
   917.986000  0.128522
   920.198000  0.144856
   922.410000  0.124611
   924.622000  0.141955
   926.833000  0.142434
   929.045000  0.156676
   931.257000  0.139018
   933.469000  0.126009
   935.680000  0.117309
   937.892000  0.137244
   940.104000  0.157573
   942.316000  0.146396
   944.527000  0.133896
   946.739000  0.143359
   948.951000  0.134186
   951.163000  0.131690
   953.374000  0.140865
   955.586000  0.153051
   957.798000  0.160079
   960.010000  0.151808
   962.221000  0.139538
   964.433000  0.098489
   966.645000  0.130841
   968.857000  0.155721
   971.068000  0.124290
   973.280000  0.125711
   975.492000  0.099831
   977.704000  0.166788
   979.915000  0.136006
   982.127000  0.133331
   984.339000  0.157222
   986.551000  0.123294
   988.762000  0.128955
   990.974000  0.168109
   993.186000  0.158398
   995.398000  0.130218
   997.609000  0.139578
   999.821000  0.138145
  1002.030000  0.109519
