ENVI ASCII Plot File [Sun Jul 30 09:14:25 2023]
Column 1: Wavelength
Column 2: headwall_nano_refl_24432 (1809,191)~~2##255,0,0
   398.225000  0.068613
   400.437000  0.081626
   402.649000  0.010208
   404.860000  0.079696
   407.072000  0.062720
   409.284000  0.068779
   411.496000  0.102230
   413.707000  0.055632
   415.919000  0.054598
   418.131000  0.041270
   420.343000  0.063160
   422.554000  0.050641
   424.766000  0.059762
   426.978000  0.044189
   429.190000  0.061270
   431.401000  0.048380
   433.613000  0.067784
   435.825000  0.071259
   438.037000  0.047363
   440.248000  0.076512
   442.460000  0.054071
   444.672000  0.072222
   446.884000  0.070640
   449.095000  0.071137
   451.307000  0.067843
   453.519000  0.072867
   455.731000  0.076996
   457.942000  0.080792
   460.154000  0.079266
   462.366000  0.069417
   464.578000  0.083292
   466.789000  0.076988
   469.001000  0.083708
   471.213000  0.072229
   473.425000  0.079092
   475.636000  0.077684
   477.848000  0.078489
   480.060000  0.089001
   482.272000  0.084019
   484.483000  0.077277
   486.695000  0.084561
   488.907000  0.074366
   491.119000  0.078545
   493.330000  0.083683
   495.542000  0.085787
   497.754000  0.084801
   499.966000  0.088391
   502.177000  0.090752
   504.389000  0.088748
   506.601000  0.091180
   508.813000  0.086298
   511.024000  0.088743
   513.236000  0.093234
   515.448000  0.089140
   517.660000  0.094709
   519.871000  0.092052
   522.083000  0.094219
   524.295000  0.092712
   526.507000  0.097908
   528.718000  0.093953
   530.930000  0.099526
   533.142000  0.099699
   535.354000  0.100481
   537.565000  0.097542
   539.777000  0.097118
   541.989000  0.097684
   544.201000  0.103630
   546.412000  0.101787
   548.624000  0.103987
   550.836000  0.109868
   553.048000  0.116169
   555.259000  0.114514
   557.471000  0.115844
   559.683000  0.113480
   561.895000  0.128280
   564.106000  0.130649
   566.318000  0.130374
   568.530000  0.128046
   570.742000  0.132453
   572.953000  0.136564
   575.165000  0.140510
   577.377000  0.147056
   579.589000  0.156962
   581.800000  0.153205
   584.012000  0.149141
   586.224000  0.151486
   588.436000  0.158335
   590.647000  0.162114
   592.859000  0.166867
   595.071000  0.156778
   597.283000  0.169237
   599.494000  0.165974
   601.706000  0.166446
   603.918000  0.169874
   606.130000  0.172017
   608.341000  0.175525
   610.553000  0.171092
   612.765000  0.169772
   614.977000  0.169941
   617.188000  0.171632
   619.400000  0.181014
   621.612000  0.174068
   623.824000  0.183742
   626.035000  0.170044
   628.247000  0.178941
   630.459000  0.179285
   632.671000  0.183033
   634.882000  0.188709
   637.094000  0.188301
   639.306000  0.196147
   641.518000  0.195457
   643.729000  0.196730
   645.941000  0.191926
   648.153000  0.185070
   650.365000  0.191642
   652.576000  0.190248
   654.788000  0.197355
   657.000000  0.190770
   659.212000  0.192935
   661.423000  0.193749
   663.635000  0.188031
   665.847000  0.193006
   668.059000  0.197509
   670.270000  0.197180
   672.482000  0.192377
   674.694000  0.200041
   676.906000  0.196874
   679.117000  0.205518
   681.329000  0.203165
   683.541000  0.193362
   685.753000  0.207660
   687.964000  0.200302
   690.176000  0.207664
   692.388000  0.204290
   694.600000  0.210275
   696.811000  0.219186
   699.023000  0.211854
   701.235000  0.220675
   703.447000  0.213461
   705.658000  0.214103
   707.870000  0.227405
   710.082000  0.230340
   712.294000  0.226023
   714.505000  0.228077
   716.717000  0.237295
   718.929000  0.230541
   721.141000  0.242942
   723.352000  0.224917
   725.564000  0.230291
   727.776000  0.248794
   729.988000  0.251317
   732.199000  0.244157
   734.411000  0.252268
   736.623000  0.240301
   738.835000  0.244679
   741.046000  0.238820
   743.258000  0.254083
   745.470000  0.241415
   747.682000  0.248535
   749.893000  0.249038
   752.105000  0.257378
   754.317000  0.234954
   756.529000  0.261008
   758.740000  0.250092
   760.952000  0.255523
   763.164000  0.232641
   765.376000  0.256356
   767.587000  0.262629
   769.799000  0.260104
   772.011000  0.251063
   774.223000  0.251135
   776.434000  0.258404
   778.646000  0.260577
   780.858000  0.260550
   783.070000  0.259572
   785.281000  0.244475
   787.493000  0.264074
   789.705000  0.256509
   791.917000  0.266529
   794.128000  0.239627
   796.340000  0.261113
   798.552000  0.240429
   800.764000  0.258011
   802.975000  0.249267
   805.187000  0.255315
   807.399000  0.266468
   809.611000  0.267898
   811.822000  0.258210
   814.034000  0.266599
   816.246000  0.274391
   818.458000  0.264961
   820.669000  0.256494
   822.881000  0.269255
   825.093000  0.267507
   827.305000  0.274048
   829.516000  0.257101
   831.728000  0.250280
   833.940000  0.259306
   836.152000  0.257263
   838.363000  0.257878
   840.575000  0.274669
   842.787000  0.259852
   844.999000  0.271038
   847.210000  0.275402
   849.422000  0.247118
   851.634000  0.264633
   853.846000  0.263111
   856.057000  0.259876
   858.269000  0.276381
   860.481000  0.273642
   862.693000  0.285177
   864.904000  0.262841
   867.116000  0.276655
   869.328000  0.239451
   871.540000  0.265107
   873.751000  0.248060
   875.963000  0.285830
   878.175000  0.290213
   880.387000  0.282077
   882.598000  0.270876
   884.810000  0.301749
   887.022000  0.253542
   889.234000  0.287268
   891.445000  0.263492
   893.657000  0.287636
   895.869000  0.278100
   898.081000  0.269123
   900.292000  0.278641
   902.504000  0.304614
   904.716000  0.270897
   906.928000  0.258735
   909.139000  0.291259
   911.351000  0.268589
   913.563000  0.250342
   915.775000  0.312498
   917.986000  0.283907
   920.198000  0.300200
   922.410000  0.261303
   924.622000  0.288944
   926.833000  0.313128
   929.045000  0.312152
   931.257000  0.322819
   933.469000  0.331039
   935.680000  0.329260
   937.892000  0.369980
   940.104000  0.315186
   942.316000  0.288859
   944.527000  0.289076
   946.739000  0.266475
   948.951000  0.295223
   951.163000  0.336075
   953.374000  0.295579
   955.586000  0.345410
   957.798000  0.292500
   960.010000  0.339168
   962.221000  0.320017
   964.433000  0.293270
   966.645000  0.297074
   968.857000  0.332598
   971.068000  0.288043
   973.280000  0.336348
   975.492000  0.261267
   977.704000  0.290136
   979.915000  0.286823
   982.127000  0.326485
   984.339000  0.365343
   986.551000  0.281006
   988.762000  0.298248
   990.974000  0.275238
   993.186000  0.324213
   995.398000  0.331912
   997.609000  0.419885
   999.821000  0.286124
  1002.030000  0.315336
