ENVI ASCII Plot File [Sun Jul 30 09:22:18 2023]
Column 1: Wavelength
Column 2: headwall_nano_refl_24432 (1852,205)~~2##255,0,0
   398.225000  0.045848
   400.437000  0.011380
   402.649000  0.051507
   404.860000  0.071151
   407.072000  0.081824
   409.284000  0.007625
   411.496000  0.033617
   413.707000  0.070577
   415.919000  0.049836
   418.131000  0.050070
   420.343000  0.048714
   422.554000  0.048613
   424.766000  0.046705
   426.978000  0.039739
   429.190000  0.078287
   431.401000  0.037808
   433.613000  0.037708
   435.825000  0.051902
   438.037000  0.045053
   440.248000  0.041698
   442.460000  0.043906
   444.672000  0.052609
   446.884000  0.045335
   449.095000  0.046863
   451.307000  0.053989
   453.519000  0.040731
   455.731000  0.052957
   457.942000  0.050034
   460.154000  0.052328
   462.366000  0.043806
   464.578000  0.054370
   466.789000  0.044639
   469.001000  0.041062
   471.213000  0.044823
   473.425000  0.047677
   475.636000  0.044769
   477.848000  0.053739
   480.060000  0.044001
   482.272000  0.051919
   484.483000  0.056612
   486.695000  0.060204
   488.907000  0.055843
   491.119000  0.057214
   493.330000  0.051799
   495.542000  0.056252
   497.754000  0.054901
   499.966000  0.060497
   502.177000  0.052823
   504.389000  0.052084
   506.601000  0.059359
   508.813000  0.054628
   511.024000  0.053520
   513.236000  0.062912
   515.448000  0.057343
   517.660000  0.055599
   519.871000  0.059294
   522.083000  0.063549
   524.295000  0.057563
   526.507000  0.060680
   528.718000  0.060989
   530.930000  0.063491
   533.142000  0.063818
   535.354000  0.068265
   537.565000  0.061605
   539.777000  0.074175
   541.989000  0.064107
   544.201000  0.066388
   546.412000  0.071226
   548.624000  0.071410
   550.836000  0.070390
   553.048000  0.071896
   555.259000  0.078421
   557.471000  0.086748
   559.683000  0.076613
   561.895000  0.088365
   564.106000  0.089032
   566.318000  0.093099
   568.530000  0.093703
   570.742000  0.091943
   572.953000  0.094809
   575.165000  0.099873
   577.377000  0.103897
   579.589000  0.095908
   581.800000  0.102858
   584.012000  0.103619
   586.224000  0.107160
   588.436000  0.108907
   590.647000  0.105142
   592.859000  0.106654
   595.071000  0.114464
   597.283000  0.112965
   599.494000  0.109632
   601.706000  0.116427
   603.918000  0.122592
   606.130000  0.112380
   608.341000  0.122102
   610.553000  0.122920
   612.765000  0.118567
   614.977000  0.119967
   617.188000  0.120956
   619.400000  0.118642
   621.612000  0.121315
   623.824000  0.123461
   626.035000  0.127077
   628.247000  0.126385
   630.459000  0.132736
   632.671000  0.134165
   634.882000  0.128867
   637.094000  0.132375
   639.306000  0.132718
   641.518000  0.122846
   643.729000  0.131895
   645.941000  0.127798
   648.153000  0.129849
   650.365000  0.133150
   652.576000  0.131988
   654.788000  0.133375
   657.000000  0.135325
   659.212000  0.133498
   661.423000  0.132276
   663.635000  0.131726
   665.847000  0.134828
   668.059000  0.135468
   670.270000  0.133252
   672.482000  0.134564
   674.694000  0.133456
   676.906000  0.138963
   679.117000  0.138604
   681.329000  0.137306
   683.541000  0.133100
   685.753000  0.138137
   687.964000  0.138012
   690.176000  0.139169
   692.388000  0.142984
   694.600000  0.146374
   696.811000  0.145914
   699.023000  0.151361
   701.235000  0.156258
   703.447000  0.150371
   705.658000  0.148719
   707.870000  0.149981
   710.082000  0.160499
   712.294000  0.168688
   714.505000  0.162262
   716.717000  0.161610
   718.929000  0.161628
   721.141000  0.164128
   723.352000  0.163751
   725.564000  0.165196
   727.776000  0.164778
   729.988000  0.164293
   732.199000  0.163841
   734.411000  0.174654
   736.623000  0.171517
   738.835000  0.177449
   741.046000  0.177367
   743.258000  0.184104
   745.470000  0.178017
   747.682000  0.182235
   749.893000  0.171591
   752.105000  0.177022
   754.317000  0.187405
   756.529000  0.179024
   758.740000  0.194155
   760.952000  0.173787
   763.164000  0.164774
   765.376000  0.172367
   767.587000  0.175329
   769.799000  0.189330
   772.011000  0.172397
   774.223000  0.186896
   776.434000  0.196380
   778.646000  0.182256
   780.858000  0.181796
   783.070000  0.180965
   785.281000  0.185684
   787.493000  0.191830
   789.705000  0.197395
   791.917000  0.201178
   794.128000  0.164367
   796.340000  0.189855
   798.552000  0.184979
   800.764000  0.204935
   802.975000  0.200155
   805.187000  0.198698
   807.399000  0.195097
   809.611000  0.197872
   811.822000  0.211701
   814.034000  0.184554
   816.246000  0.202596
   818.458000  0.171370
   820.669000  0.191140
   822.881000  0.188877
   825.093000  0.199615
   827.305000  0.196148
   829.516000  0.195681
   831.728000  0.208738
   833.940000  0.182877
   836.152000  0.201389
   838.363000  0.199410
   840.575000  0.196519
   842.787000  0.203624
   844.999000  0.202355
   847.210000  0.193422
   849.422000  0.199461
   851.634000  0.198079
   853.846000  0.202726
   856.057000  0.200637
   858.269000  0.207594
   860.481000  0.207148
   862.693000  0.206187
   864.904000  0.193581
   867.116000  0.226353
   869.328000  0.191641
   871.540000  0.197622
   873.751000  0.220004
   875.963000  0.221340
   878.175000  0.186196
   880.387000  0.217114
   882.598000  0.197481
   884.810000  0.208549
   887.022000  0.194463
   889.234000  0.204487
   891.445000  0.176961
   893.657000  0.206868
   895.869000  0.203691
   898.081000  0.192426
   900.292000  0.203884
   902.504000  0.191526
   904.716000  0.220527
   906.928000  0.228760
   909.139000  0.212811
   911.351000  0.209725
   913.563000  0.210717
   915.775000  0.198711
   917.986000  0.224160
   920.198000  0.180402
   922.410000  0.217714
   924.622000  0.221546
   926.833000  0.249117
   929.045000  0.240193
   931.257000  0.198633
   933.469000  0.241074
   935.680000  0.230853
   937.892000  0.232298
   940.104000  0.204408
   942.316000  0.257046
   944.527000  0.229982
   946.739000  0.161356
   948.951000  0.218110
   951.163000  0.248027
   953.374000  0.217446
   955.586000  0.229554
   957.798000  0.182172
   960.010000  0.153134
   962.221000  0.227078
   964.433000  0.230649
   966.645000  0.232187
   968.857000  0.239609
   971.068000  0.237889
   973.280000  0.260334
   975.492000  0.229760
   977.704000  0.207337
   979.915000  0.294217
   982.127000  0.235952
   984.339000  0.198931
   986.551000  0.239632
   988.762000  0.233182
   990.974000  0.275052
   993.186000  0.270817
   995.398000  0.212353
   997.609000  0.220741
   999.821000  0.184716
  1002.030000  0.240572
