ENVI ASCII Plot File [Sun Jul 30 09:41:02 2023]
Column 1: Wavelength
Column 2: resonon_pika-L_refl_6.bil (145,75)~~2##255,0,0
   381.170000  0.098387
   383.200000  0.114613
   385.230000  0.138616
   387.260000  0.126383
   389.290000  0.116633
   391.330000  0.072322
   393.360000  0.087454
   395.390000  0.061592
   397.430000  0.066957
   399.470000  0.063997
   401.500000  0.063628
   403.540000  0.057522
   405.580000  0.048217
   407.620000  0.052674
   409.660000  0.048773
   411.700000  0.043998
   413.740000  0.048276
   415.780000  0.042866
   417.830000  0.047096
   419.870000  0.047736
   421.920000  0.048241
   423.960000  0.051343
   426.010000  0.050480
   428.060000  0.048048
   430.110000  0.049142
   432.160000  0.051755
   434.210000  0.053574
   436.260000  0.055375
   438.310000  0.056104
   440.360000  0.054804
   442.420000  0.059973
   444.470000  0.059048
   446.530000  0.058260
   448.590000  0.062937
   450.640000  0.060995
   452.700000  0.059479
   454.760000  0.066978
   456.820000  0.061614
   458.880000  0.060770
   460.940000  0.066238
   463.000000  0.065857
   465.070000  0.065281
   467.130000  0.067117
   469.200000  0.066722
   471.260000  0.066712
   473.330000  0.067250
   475.400000  0.070852
   477.460000  0.068463
   479.530000  0.066124
   481.600000  0.067867
   483.670000  0.070177
   485.750000  0.072263
   487.820000  0.075947
   489.890000  0.072914
   491.970000  0.070458
   494.040000  0.068518
   496.120000  0.077236
   498.190000  0.072092
   500.270000  0.076058
   502.350000  0.073269
   504.430000  0.080763
   506.510000  0.075486
   508.590000  0.076690
   510.670000  0.075624
   512.750000  0.079826
   514.840000  0.078559
   516.920000  0.080080
   519.010000  0.081830
   521.090000  0.080665
   523.180000  0.085396
   525.270000  0.084816
   527.360000  0.085015
   529.450000  0.086770
   531.540000  0.084574
   533.630000  0.091902
   535.720000  0.096397
   537.810000  0.091955
   539.910000  0.096256
   542.000000  0.092147
   544.090000  0.100081
   546.190000  0.104199
   548.290000  0.101499
   550.390000  0.106634
   552.480000  0.105376
   554.580000  0.114674
   556.680000  0.116142
   558.790000  0.117029
   560.890000  0.120198
   562.990000  0.123479
   565.090000  0.127597
   567.200000  0.134466
   569.310000  0.132483
   571.410000  0.137644
   573.520000  0.143867
   575.630000  0.146005
   577.740000  0.146424
   579.850000  0.151280
   581.960000  0.149725
   584.070000  0.159815
   586.180000  0.167714
   588.290000  0.164260
   590.410000  0.166355
   592.520000  0.172225
   594.640000  0.173737
   596.750000  0.186617
   598.870000  0.187854
   600.990000  0.182871
   603.110000  0.194631
   605.230000  0.187814
   607.350000  0.195226
   609.470000  0.191192
   611.590000  0.192168
   613.720000  0.198212
   615.840000  0.193049
   617.970000  0.199583
   620.090000  0.208604
   622.220000  0.200688
   624.340000  0.201303
   626.470000  0.196582
   628.600000  0.203999
   630.730000  0.220431
   632.860000  0.210480
   635.000000  0.217430
   637.130000  0.210121
   639.260000  0.209906
   641.400000  0.214108
   643.530000  0.212053
   645.670000  0.213937
   647.800000  0.218513
   649.940000  0.216269
   652.080000  0.227824
   654.220000  0.219448
   656.360000  0.213330
   658.500000  0.212410
   660.640000  0.224510
   662.780000  0.220923
   664.930000  0.231086
   667.070000  0.236361
   669.220000  0.216969
   671.360000  0.221804
   673.510000  0.234572
   675.660000  0.229602
   677.810000  0.227267
   679.960000  0.224744
   682.110000  0.224075
   684.260000  0.224055
   686.410000  0.230190
   688.560000  0.221898
   690.720000  0.231904
   692.870000  0.221880
   695.030000  0.237118
   697.180000  0.226431
   699.340000  0.231103
   701.500000  0.232379
   703.660000  0.229850
   705.820000  0.236915
   707.980000  0.232779
   710.140000  0.228017
   712.300000  0.235859
   714.460000  0.232881
   716.630000  0.252069
   718.790000  0.243495
   720.960000  0.239208
   723.130000  0.246208
   725.290000  0.235544
   727.460000  0.237661
   729.630000  0.237660
   731.800000  0.238700
   733.970000  0.236958
   736.140000  0.245174
   738.310000  0.244225
   740.490000  0.244467
   742.660000  0.243871
   744.840000  0.244851
   747.010000  0.227018
   749.190000  0.239199
   751.370000  0.238417
   753.540000  0.253377
   755.720000  0.237111
   757.900000  0.238186
   760.080000  0.232344
   762.270000  0.195968
   764.450000  0.263705
   766.630000  0.239027
   768.820000  0.266094
   771.000000  0.246910
   773.190000  0.224357
   775.370000  0.247421
   777.560000  0.239465
   779.750000  0.248957
   781.940000  0.234895
   784.130000  0.257438
   786.320000  0.240205
   788.510000  0.238238
   790.700000  0.247008
   792.900000  0.239881
   795.090000  0.242173
   797.290000  0.246753
   799.480000  0.227329
   801.680000  0.247731
   803.880000  0.241644
   806.080000  0.246367
   808.280000  0.255577
   810.480000  0.224952
   812.680000  0.239015
   814.880000  0.221719
   817.080000  0.239807
   819.290000  0.234461
   821.490000  0.244677
   823.700000  0.227218
   825.900000  0.227596
   828.110000  0.228240
   830.320000  0.234779
   832.530000  0.241565
   834.740000  0.229708
   836.950000  0.248362
   839.160000  0.261848
   841.370000  0.248687
   843.580000  0.236363
   845.800000  0.232573
   848.010000  0.222589
   850.230000  0.269912
   852.440000  0.242981
   854.660000  0.224635
   856.880000  0.239359
   859.100000  0.221244
   861.320000  0.234080
   863.540000  0.250562
   865.760000  0.257729
   867.980000  0.238259
   870.200000  0.218870
   872.430000  0.265211
   874.650000  0.239753
   876.880000  0.217460
   879.110000  0.261279
   881.330000  0.254685
   883.560000  0.216441
   885.790000  0.237588
   888.020000  0.210406
   890.250000  0.225670
   892.480000  0.215362
   894.710000  0.258911
   896.950000  0.244880
   899.180000  0.267499
   901.420000  0.222414
   903.650000  0.215869
   905.890000  0.248896
   908.130000  0.274808
   910.370000  0.215780
   912.600000  0.250418
   914.840000  0.238215
   917.090000  0.235138
   919.330000  0.192155
   921.570000  0.230576
   923.810000  0.309667
   926.060000  0.206416
   928.300000  0.226416
   930.550000  0.246470
   932.800000  0.197099
   935.040000  0.280219
   937.290000  0.262526
   939.540000  0.241349
   941.790000  0.213217
   944.040000  0.169241
   946.290000  0.235517
   948.550000  0.272648
   950.800000  0.270661
   953.060000  0.263768
   955.310000  0.257344
   957.570000  0.233644
   959.820000  0.227447
   962.080000  0.267971
   964.340000  0.245738
   966.600000  0.290765
   968.860000  0.266707
   971.120000  0.170713
   973.380000  0.158919
   975.650000  0.262546
   977.910000  0.199119
   980.180000  0.270021
   982.440000  0.284295
   984.710000  0.232792
   986.970000  0.125579
   989.240000  0.201537
   991.510000  0.218487
   993.780000  0.155358
   996.050000  0.134020
   998.320000  0.110434
  1000.590000  0.293088
  1002.870000  0.278556
  1005.140000  0.202590
  1007.420000  0.176631
  1009.690000  0.356707
  1011.970000  0.164235
  1014.250000  0.265058
  1016.520000  0.289381
  1018.800000  0.059408
  1021.080000  0.379817
  1023.360000  0.131414
  1025.650000  0.330271
