ENVI ASCII Plot File [Sun Jul 30 09:42:07 2023]
Column 1: Wavelength
Column 2: resonon_pika-L_refl_6.bil (149,82)~~2##255,0,0
   381.170000  0.103328
   383.200000  0.088526
   385.230000  0.108885
   387.260000  0.180927
   389.290000  0.125188
   391.330000  0.082824
   393.360000  0.079292
   395.390000  0.090799
   397.430000  0.073979
   399.470000  0.071182
   401.500000  0.057789
   403.540000  0.054221
   405.580000  0.053111
   407.620000  0.047025
   409.660000  0.050424
   411.700000  0.042980
   413.740000  0.046827
   415.780000  0.046968
   417.830000  0.040630
   419.870000  0.045534
   421.920000  0.045215
   423.960000  0.043793
   426.010000  0.045036
   428.060000  0.044765
   430.110000  0.047376
   432.160000  0.045454
   434.210000  0.049778
   436.260000  0.047540
   438.310000  0.047741
   440.360000  0.053137
   442.420000  0.049062
   444.470000  0.053143
   446.530000  0.050986
   448.590000  0.051440
   450.640000  0.050395
   452.700000  0.048081
   454.760000  0.054701
   456.820000  0.050295
   458.880000  0.051768
   460.940000  0.050104
   463.000000  0.053793
   465.070000  0.050004
   467.130000  0.053687
   469.200000  0.053170
   471.260000  0.055147
   473.330000  0.053048
   475.400000  0.056227
   477.460000  0.056933
   479.530000  0.052355
   481.600000  0.054855
   483.670000  0.056330
   485.750000  0.057286
   487.820000  0.056027
   489.890000  0.056788
   491.970000  0.056868
   494.040000  0.053968
   496.120000  0.056336
   498.190000  0.055683
   500.270000  0.056833
   502.350000  0.059980
   504.430000  0.059487
   506.510000  0.057327
   508.590000  0.057681
   510.670000  0.059430
   512.750000  0.062275
   514.840000  0.059507
   516.920000  0.061211
   519.010000  0.060607
   521.090000  0.063079
   523.180000  0.063309
   525.270000  0.066119
   527.360000  0.072577
   529.450000  0.069936
   531.540000  0.072183
   533.630000  0.071479
   535.720000  0.067641
   537.810000  0.069519
   539.910000  0.072551
   542.000000  0.077636
   544.090000  0.074158
   546.190000  0.076049
   548.290000  0.077595
   550.390000  0.081893
   552.480000  0.086769
   554.580000  0.083491
   556.680000  0.087123
   558.790000  0.084273
   560.890000  0.092803
   562.990000  0.094328
   565.090000  0.097485
   567.200000  0.098771
   569.310000  0.104652
   571.410000  0.108325
   573.520000  0.110691
   575.630000  0.113643
   577.740000  0.116362
   579.850000  0.119195
   581.960000  0.125354
   584.070000  0.125431
   586.180000  0.125742
   588.290000  0.127895
   590.410000  0.132259
   592.520000  0.135525
   594.640000  0.142350
   596.750000  0.137351
   598.870000  0.139978
   600.990000  0.144673
   603.110000  0.146405
   605.230000  0.148499
   607.350000  0.146043
   609.470000  0.148427
   611.590000  0.158209
   613.720000  0.149284
   615.840000  0.156582
   617.970000  0.150172
   620.090000  0.160492
   622.220000  0.157658
   624.340000  0.158226
   626.470000  0.163444
   628.600000  0.158661
   630.730000  0.166229
   632.860000  0.161134
   635.000000  0.167387
   637.130000  0.159911
   639.260000  0.167821
   641.400000  0.159793
   643.530000  0.165623
   645.670000  0.162248
   647.800000  0.165418
   649.940000  0.166980
   652.080000  0.163968
   654.220000  0.167471
   656.360000  0.165358
   658.500000  0.161156
   660.640000  0.165335
   662.780000  0.169117
   664.930000  0.165477
   667.070000  0.172961
   669.220000  0.170492
   671.360000  0.170081
   673.510000  0.165319
   675.660000  0.160659
   677.810000  0.173233
   679.960000  0.167478
   682.110000  0.173964
   684.260000  0.166808
   686.410000  0.169367
   688.560000  0.158302
   690.720000  0.174190
   692.870000  0.175637
   695.030000  0.177766
   697.180000  0.172888
   699.340000  0.179179
   701.500000  0.187387
   703.660000  0.185771
   705.820000  0.191205
   707.980000  0.187298
   710.140000  0.193358
   712.300000  0.188431
   714.460000  0.187321
   716.630000  0.187938
   718.790000  0.185818
   720.960000  0.185589
   723.130000  0.203304
   725.290000  0.192844
   727.460000  0.193491
   729.630000  0.191109
   731.800000  0.190184
   733.970000  0.196009
   736.140000  0.200097
   738.310000  0.198895
   740.490000  0.207553
   742.660000  0.200081
   744.840000  0.197050
   747.010000  0.197806
   749.190000  0.205648
   751.370000  0.188543
   753.540000  0.201721
   755.720000  0.202580
   757.900000  0.201475
   760.080000  0.191211
   762.270000  0.163681
   764.450000  0.195848
   766.630000  0.221585
   768.820000  0.206175
   771.000000  0.199740
   773.190000  0.209076
   775.370000  0.205800
   777.560000  0.223189
   779.750000  0.210437
   781.940000  0.199984
   784.130000  0.210990
   786.320000  0.218125
   788.510000  0.212230
   790.700000  0.205297
   792.900000  0.207599
   795.090000  0.209829
   797.290000  0.218782
   799.480000  0.226508
   801.680000  0.221404
   803.880000  0.191923
   806.080000  0.215505
   808.280000  0.215162
   810.480000  0.189985
   812.680000  0.234582
   814.880000  0.216935
   817.080000  0.217234
   819.290000  0.216627
   821.490000  0.197487
   823.700000  0.202573
   825.900000  0.223231
   828.110000  0.225661
   830.320000  0.225107
   832.530000  0.228489
   834.740000  0.218811
   836.950000  0.223689
   839.160000  0.212762
   841.370000  0.222387
   843.580000  0.225258
   845.800000  0.227676
   848.010000  0.217236
   850.230000  0.224577
   852.440000  0.228011
   854.660000  0.219456
   856.880000  0.246802
   859.100000  0.244137
   861.320000  0.240552
   863.540000  0.219169
   865.760000  0.262245
   867.980000  0.217498
   870.200000  0.221424
   872.430000  0.243468
   874.650000  0.239813
   876.880000  0.222721
   879.110000  0.224560
   881.330000  0.265695
   883.560000  0.234707
   885.790000  0.219078
   888.020000  0.258056
   890.250000  0.234071
   892.480000  0.217822
   894.710000  0.273632
   896.950000  0.251799
   899.180000  0.232106
   901.420000  0.233304
   903.650000  0.244945
   905.890000  0.231288
   908.130000  0.247320
   910.370000  0.266556
   912.600000  0.257457
   914.840000  0.224018
   917.090000  0.228653
   919.330000  0.269638
   921.570000  0.292201
   923.810000  0.250275
   926.060000  0.268958
   928.300000  0.198105
   930.550000  0.204084
   932.800000  0.235208
   935.040000  0.227154
   937.290000  0.279892
   939.540000  0.271183
   941.790000  0.212478
   944.040000  0.252299
   946.290000  0.247135
   948.550000  0.223673
   950.800000  0.299167
   953.060000  0.301395
   955.310000  0.209488
   957.570000  0.325034
   959.820000  0.313730
   962.080000  0.238420
   964.340000  0.219849
   966.600000  0.293384
   968.860000  0.251471
   971.120000  0.248879
   973.380000  0.357791
   975.650000  0.412299
   977.910000  0.257799
   980.180000  0.229208
   982.440000  0.334856
   984.710000  0.282621
   986.970000  0.265820
   989.240000  0.237939
   991.510000  0.244248
   993.780000  0.296648
   996.050000  0.251211
   998.320000  0.188119
  1000.590000  0.252984
  1002.870000  0.151553
  1005.140000  0.387656
  1007.420000  0.223521
  1009.690000  0.383240
  1011.970000  0.183008
  1014.250000  0.109433
  1016.520000  0.307103
  1018.800000  0.188301
  1021.080000  0.211493
  1023.360000  0.052305
  1025.650000  0.258152
