ENVI ASCII Plot File [Sun Jul 30 09:41:32 2023]
Column 1: Wavelength
Column 2: resonon_pika-L_refl_6.bil (146,77)~~2##255,0,0
   381.170000  0.103778
   383.200000  0.084249
   385.230000  0.079926
   387.260000  0.052549
   389.290000  0.105226
   391.330000  0.115524
   393.360000  0.076726
   395.390000  0.064175
   397.430000  0.082471
   399.470000  0.068087
   401.500000  0.056830
   403.540000  0.054221
   405.580000  0.058883
   407.620000  0.046763
   409.660000  0.048360
   411.700000  0.043432
   413.740000  0.034874
   415.780000  0.039615
   417.830000  0.033585
   419.870000  0.033995
   421.920000  0.036043
   423.960000  0.034549
   426.010000  0.032664
   428.060000  0.032412
   430.110000  0.036488
   432.160000  0.031714
   434.210000  0.034596
   436.260000  0.033777
   438.310000  0.036473
   440.360000  0.035127
   442.420000  0.032241
   444.470000  0.031661
   446.530000  0.035101
   448.590000  0.030519
   450.640000  0.034985
   452.700000  0.036078
   454.760000  0.038379
   456.820000  0.036260
   458.880000  0.035089
   460.940000  0.035876
   463.000000  0.038103
   465.070000  0.038505
   467.130000  0.034912
   469.200000  0.036138
   471.260000  0.041444
   473.330000  0.039111
   475.400000  0.038026
   477.460000  0.040518
   479.530000  0.040724
   481.600000  0.036613
   483.670000  0.039850
   485.750000  0.034447
   487.820000  0.039878
   489.890000  0.040836
   491.970000  0.038091
   494.040000  0.040569
   496.120000  0.042821
   498.190000  0.040570
   500.270000  0.041991
   502.350000  0.039503
   504.430000  0.042751
   506.510000  0.041037
   508.590000  0.039686
   510.670000  0.039919
   512.750000  0.044325
   514.840000  0.043148
   516.920000  0.040854
   519.010000  0.043307
   521.090000  0.046572
   523.180000  0.045412
   525.270000  0.045213
   527.360000  0.045856
   529.450000  0.047550
   531.540000  0.046472
   533.630000  0.047307
   535.720000  0.046234
   537.810000  0.048020
   539.910000  0.046555
   542.000000  0.050402
   544.090000  0.050655
   546.190000  0.049785
   548.290000  0.053262
   550.390000  0.050991
   552.480000  0.052545
   554.580000  0.053795
   556.680000  0.056488
   558.790000  0.056284
   560.890000  0.060291
   562.990000  0.060064
   565.090000  0.061152
   567.200000  0.066043
   569.310000  0.066795
   571.410000  0.068526
   573.520000  0.073259
   575.630000  0.072519
   577.740000  0.075627
   579.850000  0.075570
   581.960000  0.079099
   584.070000  0.078939
   586.180000  0.080795
   588.290000  0.085640
   590.410000  0.082066
   592.520000  0.084636
   594.640000  0.086324
   596.750000  0.091615
   598.870000  0.096284
   600.990000  0.093134
   603.110000  0.093897
   605.230000  0.095074
   607.350000  0.097075
   609.470000  0.099277
   611.590000  0.100521
   613.720000  0.096204
   615.840000  0.099530
   617.970000  0.100762
   620.090000  0.100485
   622.220000  0.102112
   624.340000  0.101642
   626.470000  0.099821
   628.600000  0.103175
   630.730000  0.108706
   632.860000  0.111522
   635.000000  0.107944
   637.130000  0.115405
   639.260000  0.105009
   641.400000  0.107925
   643.530000  0.115607
   645.670000  0.108401
   647.800000  0.114865
   649.940000  0.108812
   652.080000  0.118524
   654.220000  0.115571
   656.360000  0.114900
   658.500000  0.115198
   660.640000  0.123403
   662.780000  0.120027
   664.930000  0.120189
   667.070000  0.118162
   669.220000  0.119627
   671.360000  0.117172
   673.510000  0.125619
   675.660000  0.122379
   677.810000  0.122342
   679.960000  0.121806
   682.110000  0.129282
   684.260000  0.133999
   686.410000  0.122836
   688.560000  0.126837
   690.720000  0.127618
   692.870000  0.126196
   695.030000  0.136066
   697.180000  0.137630
   699.340000  0.128931
   701.500000  0.137038
   703.660000  0.138126
   705.820000  0.139767
   707.980000  0.138536
   710.140000  0.140938
   712.300000  0.134706
   714.460000  0.139535
   716.630000  0.137299
   718.790000  0.137437
   720.960000  0.140660
   723.130000  0.153449
   725.290000  0.148520
   727.460000  0.144699
   729.630000  0.152540
   731.800000  0.145278
   733.970000  0.157357
   736.140000  0.150140
   738.310000  0.146355
   740.490000  0.155437
   742.660000  0.141541
   744.840000  0.147422
   747.010000  0.150513
   749.190000  0.162149
   751.370000  0.158628
   753.540000  0.156788
   755.720000  0.164035
   757.900000  0.152784
   760.080000  0.142686
   762.270000  0.137523
   764.450000  0.171231
   766.630000  0.156338
   768.820000  0.170147
   771.000000  0.161757
   773.190000  0.166502
   775.370000  0.164899
   777.560000  0.169740
   779.750000  0.166407
   781.940000  0.162593
   784.130000  0.159855
   786.320000  0.158408
   788.510000  0.172845
   790.700000  0.159274
   792.900000  0.168313
   795.090000  0.176868
   797.290000  0.168290
   799.480000  0.162033
   801.680000  0.174842
   803.880000  0.170725
   806.080000  0.157706
   808.280000  0.165707
   810.480000  0.171119
   812.680000  0.171706
   814.880000  0.169933
   817.080000  0.174299
   819.290000  0.166096
   821.490000  0.182706
   823.700000  0.176516
   825.900000  0.183834
   828.110000  0.182673
   830.320000  0.159840
   832.530000  0.186656
   834.740000  0.156064
   836.950000  0.181554
   839.160000  0.176543
   841.370000  0.192662
   843.580000  0.192383
   845.800000  0.172969
   848.010000  0.183001
   850.230000  0.160234
   852.440000  0.185509
   854.660000  0.178553
   856.880000  0.180663
   859.100000  0.175168
   861.320000  0.199988
   863.540000  0.203560
   865.760000  0.212803
   867.980000  0.154287
   870.200000  0.191556
   872.430000  0.173104
   874.650000  0.174923
   876.880000  0.160313
   879.110000  0.187779
   881.330000  0.183334
   883.560000  0.187851
   885.790000  0.183580
   888.020000  0.211326
   890.250000  0.180475
   892.480000  0.182574
   894.710000  0.171154
   896.950000  0.189261
   899.180000  0.176965
   901.420000  0.201860
   903.650000  0.206934
   905.890000  0.159427
   908.130000  0.164578
   910.370000  0.181978
   912.600000  0.205066
   914.840000  0.189145
   917.090000  0.195791
   919.330000  0.142546
   921.570000  0.203171
   923.810000  0.186600
   926.060000  0.212799
   928.300000  0.158557
   930.550000  0.194656
   932.800000  0.158251
   935.040000  0.190292
   937.290000  0.227114
   939.540000  0.165940
   941.790000  0.158202
   944.040000  0.185150
   946.290000  0.251823
   948.550000  0.172245
   950.800000  0.231022
   953.060000  0.214549
   955.310000  0.123612
   957.570000  0.167315
   959.820000  0.167167
   962.080000  0.169762
   964.340000  0.184008
   966.600000  0.204812
   968.860000  0.224062
   971.120000  0.174588
   973.380000  0.222382
   975.650000  0.186788
   977.910000  0.282471
   980.180000  0.158079
   982.440000  0.171050
   984.710000  0.071366
   986.970000  0.238764
   989.240000  0.252165
   991.510000  0.203044
   993.780000  0.288795
   996.050000  0.066497
   998.320000  0.243578
  1000.590000  0.293088
  1002.870000  0.177858
  1005.140000  0.174971
  1007.420000  0.165772
  1009.690000  0.247055
  1011.970000  0.194192
  1014.250000  0.198556
  1016.520000  0.230243
  1018.800000  0.118031
  1021.080000  0.263097
  1023.360000  0.117393
  1025.650000  0.177609
