ENVI ASCII Plot File [Sun Jul 30 09:45:03 2023]
Column 1: Wavelength
Column 2: resonon_pika-L_refl_6.bil (145,107)~~2##255,0,0
   381.170000  0.051664
   383.200000  0.095368
   385.230000  0.076451
   387.260000  0.084144
   389.290000  0.098668
   391.330000  0.090223
   393.360000  0.086288
   395.390000  0.072321
   397.430000  0.055525
   399.470000  0.058250
   401.500000  0.052297
   403.540000  0.036148
   405.580000  0.039377
   407.620000  0.032576
   409.660000  0.035916
   411.700000  0.031895
   413.740000  0.035857
   415.780000  0.032362
   417.830000  0.035901
   419.870000  0.034234
   421.920000  0.036043
   423.960000  0.039171
   426.010000  0.037118
   428.060000  0.035694
   430.110000  0.038499
   432.160000  0.036466
   434.210000  0.043234
   436.260000  0.039217
   438.310000  0.040360
   440.360000  0.038298
   442.420000  0.041030
   444.470000  0.045355
   446.530000  0.044835
   448.590000  0.044056
   450.640000  0.041962
   452.700000  0.041592
   454.760000  0.045731
   456.820000  0.046305
   458.880000  0.046027
   460.940000  0.047347
   463.000000  0.044926
   465.070000  0.046390
   467.130000  0.045201
   469.200000  0.048251
   471.260000  0.049231
   473.330000  0.047019
   475.400000  0.048166
   477.460000  0.046315
   479.530000  0.046329
   481.600000  0.047881
   483.670000  0.050512
   485.750000  0.048436
   487.820000  0.050461
   489.890000  0.049942
   491.970000  0.048601
   494.040000  0.052074
   496.120000  0.051985
   498.190000  0.051758
   500.270000  0.050305
   502.350000  0.056188
   504.430000  0.054052
   506.510000  0.056213
   508.590000  0.055260
   510.670000  0.054884
   512.750000  0.053650
   514.840000  0.059916
   516.920000  0.055971
   519.010000  0.058813
   521.090000  0.059878
   523.180000  0.061694
   525.270000  0.057247
   527.360000  0.058807
   529.450000  0.061953
   531.540000  0.066868
   533.630000  0.062942
   535.720000  0.065676
   537.810000  0.066505
   539.910000  0.068925
   542.000000  0.069084
   544.090000  0.070895
   546.190000  0.072483
   548.290000  0.073000
   550.390000  0.074192
   552.480000  0.078181
   554.580000  0.079965
   556.680000  0.078879
   558.790000  0.081856
   560.890000  0.085667
   562.990000  0.086315
   565.090000  0.093704
   567.200000  0.089632
   569.310000  0.094418
   571.410000  0.095860
   573.520000  0.097365
   575.630000  0.098015
   577.740000  0.101664
   579.850000  0.102167
   581.960000  0.105080
   584.070000  0.109830
   586.180000  0.112213
   588.290000  0.116220
   590.410000  0.116950
   592.520000  0.120363
   594.640000  0.120418
   596.750000  0.121929
   598.870000  0.121657
   600.990000  0.123428
   603.110000  0.128807
   605.230000  0.122612
   607.350000  0.122402
   609.470000  0.130980
   611.590000  0.126926
   613.720000  0.133856
   615.840000  0.131408
   617.970000  0.130444
   620.090000  0.141282
   622.220000  0.141959
   624.340000  0.136435
   626.470000  0.134434
   628.600000  0.145564
   630.730000  0.138789
   632.860000  0.141531
   635.000000  0.136368
   637.130000  0.146119
   639.260000  0.138788
   641.400000  0.145074
   643.530000  0.151055
   645.670000  0.144981
   647.800000  0.137263
   649.940000  0.150274
   652.080000  0.148354
   654.220000  0.150196
   656.360000  0.137079
   658.500000  0.146969
   660.640000  0.144157
   662.780000  0.151835
   664.930000  0.143947
   667.070000  0.142593
   669.220000  0.146261
   671.360000  0.148214
   673.510000  0.148459
   675.660000  0.147667
   677.810000  0.149999
   679.960000  0.148533
   682.110000  0.147522
   684.260000  0.147541
   686.410000  0.149285
   688.560000  0.156483
   690.720000  0.152000
   692.870000  0.162455
   695.030000  0.153385
   697.180000  0.161901
   699.340000  0.164023
   701.500000  0.160400
   703.660000  0.169060
   705.820000  0.168289
   707.980000  0.166013
   710.140000  0.170252
   712.300000  0.165069
   714.460000  0.167837
   716.630000  0.174489
   718.790000  0.166275
   720.960000  0.171743
   723.130000  0.175452
   725.290000  0.183051
   727.460000  0.181802
   729.630000  0.173586
   731.800000  0.181564
   733.970000  0.178530
   736.140000  0.168672
   738.310000  0.171363
   740.490000  0.188846
   742.660000  0.180934
   744.840000  0.176368
   747.010000  0.188947
   749.190000  0.197645
   751.370000  0.183972
   753.540000  0.177778
   755.720000  0.188941
   757.900000  0.188536
   760.080000  0.175703
   762.270000  0.167221
   764.450000  0.211200
   766.630000  0.184442
   768.820000  0.193433
   771.000000  0.189224
   773.190000  0.194276
   775.370000  0.198944
   777.560000  0.197187
   779.750000  0.191829
   781.940000  0.184182
   784.130000  0.187156
   786.320000  0.199603
   788.510000  0.184586
   790.700000  0.194016
   792.900000  0.194910
   795.090000  0.192527
   797.290000  0.194873
   799.480000  0.203786
   801.680000  0.199207
   803.880000  0.216186
   806.080000  0.188044
   808.280000  0.194087
   810.480000  0.207734
   812.680000  0.213119
   814.880000  0.194241
   817.080000  0.210776
   819.290000  0.201884
   821.490000  0.195647
   823.700000  0.216395
   825.900000  0.217451
   828.110000  0.190697
   830.320000  0.197483
   832.530000  0.186193
   834.740000  0.219270
   836.950000  0.194960
   839.160000  0.195789
   841.370000  0.198905
   843.580000  0.193986
   845.800000  0.204970
   848.010000  0.202126
   850.230000  0.218903
   852.440000  0.215566
   854.660000  0.210882
   856.880000  0.210438
   859.100000  0.198697
   861.320000  0.225933
   863.540000  0.202162
   865.760000  0.198600
   867.980000  0.207611
   870.200000  0.205000
   872.430000  0.214080
   874.650000  0.212200
   876.880000  0.216976
   879.110000  0.196262
   881.330000  0.219770
   883.560000  0.219007
   885.790000  0.197219
   888.020000  0.233464
   890.250000  0.204452
   892.480000  0.219422
   894.710000  0.206282
   896.950000  0.207581
   899.180000  0.206100
   901.420000  0.243689
   903.650000  0.185730
   905.890000  0.261881
   908.130000  0.238599
   910.370000  0.225760
   912.600000  0.242074
   914.840000  0.231517
   917.090000  0.190180
   919.330000  0.205731
   921.570000  0.216012
   923.810000  0.201948
   926.060000  0.237472
   928.300000  0.233713
   930.550000  0.206936
   932.800000  0.210386
   935.040000  0.231504
   937.290000  0.209522
   939.540000  0.241966
   941.790000  0.171702
   944.040000  0.208476
   946.290000  0.236740
   948.550000  0.268820
   950.800000  0.276900
   953.060000  0.261488
   955.310000  0.179696
   957.570000  0.213149
   959.820000  0.167796
   962.080000  0.216411
   964.340000  0.179539
   966.600000  0.287900
   968.860000  0.241340
   971.120000  0.248581
   973.380000  0.265758
   975.650000  0.187632
   977.910000  0.290062
   980.180000  0.224697
   982.440000  0.155896
   984.710000  0.203080
   986.970000  0.260366
   989.240000  0.257535
   991.510000  0.184416
   993.780000  0.272883
   996.050000  0.158717
   998.320000  0.137783
  1000.590000  0.276896
  1002.870000  0.304186
  1005.140000  0.198104
  1007.420000  0.188688
  1009.690000  0.134357
  1011.970000  0.326539
  1014.250000  0.276198
  1016.520000  0.211582
  1018.800000  0.159774
  1021.080000  0.230408
  1023.360000  0.088631
  1025.650000  0.079182
