ENVI ASCII Plot File [Sun Jul 30 09:46:39 2023]
Column 1: Wavelength
Column 2: resonon_pika-L_refl_6.bil (120,113)~~2##255,0,0
   381.170000  0.036390
   383.200000  0.114185
   385.230000  0.067957
   387.260000  0.096450
   389.290000  0.058174
   391.330000  0.055614
   393.360000  0.064133
   395.390000  0.033578
   397.430000  0.037398
   399.470000  0.032938
   401.500000  0.039746
   403.540000  0.042277
   405.580000  0.046098
   407.620000  0.046106
   409.660000  0.036329
   411.700000  0.036872
   413.740000  0.039221
   415.780000  0.038514
   417.830000  0.038651
   419.870000  0.033229
   421.920000  0.035264
   423.960000  0.038301
   426.010000  0.036218
   428.060000  0.037517
   430.110000  0.033644
   432.160000  0.034607
   434.210000  0.033593
   436.260000  0.038486
   438.310000  0.038593
   440.360000  0.037078
   442.420000  0.038795
   444.470000  0.038762
   446.530000  0.039986
   448.590000  0.040962
   450.640000  0.040641
   452.700000  0.043374
   454.760000  0.039891
   456.820000  0.041110
   458.880000  0.040796
   460.940000  0.043739
   463.000000  0.046344
   465.070000  0.042349
   467.130000  0.044232
   469.200000  0.042496
   471.260000  0.046223
   473.330000  0.046030
   475.400000  0.046541
   477.460000  0.041560
   479.530000  0.043640
   481.600000  0.046073
   483.670000  0.046611
   485.750000  0.048096
   487.820000  0.046140
   489.890000  0.046744
   491.970000  0.044718
   494.040000  0.046592
   496.120000  0.048886
   498.190000  0.046797
   500.270000  0.050402
   502.350000  0.047582
   504.430000  0.049512
   506.510000  0.048707
   508.590000  0.051105
   510.670000  0.049476
   512.750000  0.051985
   514.840000  0.049487
   516.920000  0.050838
   519.010000  0.053545
   521.090000  0.052110
   523.180000  0.054068
   525.270000  0.052148
   527.360000  0.053339
   529.450000  0.053485
   531.540000  0.050924
   533.630000  0.056983
   535.720000  0.055921
   537.810000  0.057564
   539.910000  0.058219
   542.000000  0.059585
   544.090000  0.059214
   546.190000  0.060380
   548.290000  0.059874
   550.390000  0.059109
   552.480000  0.059224
   554.580000  0.063791
   556.680000  0.068458
   558.790000  0.065103
   560.890000  0.069933
   562.990000  0.071808
   565.090000  0.071498
   567.200000  0.073389
   569.310000  0.077581
   571.410000  0.073052
   573.520000  0.077096
   575.630000  0.080109
   577.740000  0.085915
   579.850000  0.085139
   581.960000  0.085647
   584.070000  0.085754
   586.180000  0.082248
   588.290000  0.095833
   590.410000  0.095941
   592.520000  0.093099
   594.640000  0.096306
   596.750000  0.095532
   598.870000  0.096213
   600.990000  0.095101
   603.110000  0.096488
   605.230000  0.095971
   607.350000  0.096357
   609.470000  0.096521
   611.590000  0.099275
   613.720000  0.101163
   615.840000  0.102044
   617.970000  0.096270
   620.090000  0.103858
   622.220000  0.104763
   624.340000  0.100886
   626.470000  0.110105
   628.600000  0.098809
   630.730000  0.101647
   632.860000  0.104824
   635.000000  0.101816
   637.130000  0.100271
   639.260000  0.104935
   641.400000  0.097099
   643.530000  0.100367
   645.670000  0.101554
   647.800000  0.102639
   649.940000  0.098916
   652.080000  0.102986
   654.220000  0.104408
   656.360000  0.107597
   658.500000  0.098586
   660.640000  0.102495
   662.780000  0.101123
   664.930000  0.102701
   667.070000  0.100618
   669.220000  0.102570
   671.360000  0.099128
   673.510000  0.103088
   675.660000  0.103201
   677.810000  0.101861
   679.960000  0.103949
   682.110000  0.101785
   684.260000  0.099650
   686.410000  0.107682
   688.560000  0.105402
   690.720000  0.110176
   692.870000  0.110680
   695.030000  0.108985
   697.180000  0.103110
   699.340000  0.113897
   701.500000  0.108897
   703.660000  0.110633
   705.820000  0.118004
   707.980000  0.116513
   710.140000  0.116105
   712.300000  0.127415
   714.460000  0.120933
   716.630000  0.112564
   718.790000  0.118846
   720.960000  0.120225
   723.130000  0.130630
   725.290000  0.123597
   727.460000  0.125354
   729.630000  0.136889
   731.800000  0.129708
   733.970000  0.124336
   736.140000  0.133666
   738.310000  0.140587
   740.490000  0.141555
   742.660000  0.131143
   744.840000  0.129799
   747.010000  0.135339
   749.190000  0.131673
   751.370000  0.132062
   753.540000  0.130119
   755.720000  0.135114
   757.900000  0.140419
   760.080000  0.140240
   762.270000  0.117408
   764.450000  0.149430
   766.630000  0.144616
   768.820000  0.145981
   771.000000  0.135764
   773.190000  0.133634
   775.370000  0.142267
   777.560000  0.150430
   779.750000  0.131318
   781.940000  0.143874
   784.130000  0.137681
   786.320000  0.127783
   788.510000  0.129002
   790.700000  0.144434
   792.900000  0.154913
   795.090000  0.146474
   797.290000  0.131835
   799.480000  0.141106
   801.680000  0.136332
   803.880000  0.155814
   806.080000  0.125589
   808.280000  0.151938
   810.480000  0.136948
   812.680000  0.142295
   814.880000  0.138171
   817.080000  0.141254
   819.290000  0.139761
   821.490000  0.139612
   823.700000  0.136460
   825.900000  0.131403
   828.110000  0.127131
   830.320000  0.132621
   832.530000  0.148064
   834.740000  0.132434
   836.950000  0.135363
   839.160000  0.151917
   841.370000  0.156582
   843.580000  0.144536
   845.800000  0.141525
   848.010000  0.137501
   850.230000  0.140034
   852.440000  0.130502
   854.660000  0.152535
   856.880000  0.146861
   859.100000  0.135857
   861.320000  0.158673
   863.540000  0.150209
   865.760000  0.171681
   867.980000  0.143721
   870.200000  0.143318
   872.430000  0.136787
   874.650000  0.153973
   876.880000  0.139268
   879.110000  0.164451
   881.330000  0.165998
   883.560000  0.153885
   885.790000  0.142723
   888.020000  0.138779
   890.250000  0.154044
   892.480000  0.144497
   894.710000  0.138933
   896.950000  0.168833
   899.180000  0.141850
   901.420000  0.156570
   903.650000  0.167859
   905.890000  0.166565
   908.130000  0.158996
   910.370000  0.133460
   912.600000  0.147668
   914.840000  0.141385
   917.090000  0.142599
   919.330000  0.120304
   921.570000  0.146065
   923.810000  0.103365
   926.060000  0.140073
   928.300000  0.148488
   930.550000  0.145061
   932.800000  0.190178
   935.040000  0.177570
   937.290000  0.172747
   939.540000  0.130962
   941.790000  0.186126
   944.040000  0.203792
   946.290000  0.181810
   948.550000  0.126313
   950.800000  0.149055
   953.060000  0.174357
   955.310000  0.107629
   957.570000  0.108997
   959.820000  0.117772
   962.080000  0.078041
   964.340000  0.142434
   966.600000  0.115504
   968.860000  0.125264
   971.120000  0.175035
   973.380000  0.158398
   975.650000  0.238086
   977.910000  0.198891
   980.180000  0.153051
   982.440000  0.229668
   984.710000  0.144651
   986.970000  0.114672
   989.240000  0.118760
   991.510000  0.222711
   993.780000  0.143339
   996.050000  0.143187
   998.320000  0.098664
  1000.590000  0.023707
  1002.870000  0.171585
  1005.140000  0.223480
  1007.420000  0.178464
  1009.690000  0.094829
  1011.970000  0.207440
  1014.250000  0.073906
  1016.520000  0.187148
  1018.800000  0.249999
  1021.080000  0.144532
  1023.360000  0.188611
  1025.650000  0.196854
