ENVI ASCII Plot File [Sun Jul 30 09:42:42 2023]
Column 1: Wavelength
Column 2: resonon_pika-L_refl_6.bil (144,84)~~2##255,0,0
   381.170000  0.128936
   383.200000  0.058589
   385.230000  0.157922
   387.260000  0.062194
   389.290000  0.076425
   391.330000  0.104067
   393.360000  0.098648
   395.390000  0.082057
   397.430000  0.094066
   399.470000  0.090082
   401.500000  0.081322
   403.540000  0.070331
   405.580000  0.073202
   407.620000  0.071326
   409.660000  0.065404
   411.700000  0.061472
   413.740000  0.054950
   415.780000  0.054420
   417.830000  0.060076
   419.870000  0.064255
   421.920000  0.057642
   423.960000  0.061182
   426.010000  0.058174
   428.060000  0.054977
   430.110000  0.058901
   432.160000  0.056455
   434.210000  0.059507
   436.260000  0.058988
   438.310000  0.058695
   440.360000  0.056715
   442.420000  0.062360
   444.470000  0.062091
   446.530000  0.061806
   448.590000  0.066418
   450.640000  0.066786
   452.700000  0.068928
   454.760000  0.067576
   456.820000  0.066808
   458.880000  0.072081
   460.940000  0.070357
   463.000000  0.067011
   465.070000  0.069124
   467.130000  0.071627
   469.200000  0.068261
   471.260000  0.074499
   473.330000  0.072093
   475.400000  0.074330
   477.460000  0.076410
   479.530000  0.078436
   481.600000  0.074131
   483.670000  0.078855
   485.750000  0.078356
   487.820000  0.081294
   489.890000  0.077363
   491.970000  0.078926
   494.040000  0.077958
   496.120000  0.079181
   498.190000  0.081659
   500.270000  0.077292
   502.350000  0.078907
   504.430000  0.084607
   506.510000  0.081025
   508.590000  0.079766
   510.670000  0.084749
   512.750000  0.083689
   514.840000  0.080911
   516.920000  0.083868
   519.010000  0.080747
   521.090000  0.083039
   523.180000  0.084847
   525.270000  0.086040
   527.360000  0.087236
   529.450000  0.084340
   531.540000  0.087962
   533.630000  0.092572
   535.720000  0.091012
   537.810000  0.089912
   539.910000  0.087021
   542.000000  0.090079
   544.090000  0.093311
   546.190000  0.094084
   548.290000  0.094787
   550.390000  0.094633
   552.480000  0.098283
   554.580000  0.094036
   556.680000  0.103149
   558.790000  0.099289
   560.890000  0.105265
   562.990000  0.107280
   565.090000  0.104188
   567.200000  0.108704
   569.310000  0.112915
   571.410000  0.114523
   573.520000  0.109575
   575.630000  0.115575
   577.740000  0.115907
   579.850000  0.116486
   581.960000  0.116040
   584.070000  0.121556
   586.180000  0.122836
   588.290000  0.128001
   590.410000  0.125626
   592.520000  0.131168
   594.640000  0.127096
   596.750000  0.127717
   598.870000  0.135584
   600.990000  0.127863
   603.110000  0.130714
   605.230000  0.134963
   607.350000  0.129900
   609.470000  0.136130
   611.590000  0.130850
   613.720000  0.137345
   615.840000  0.138694
   617.970000  0.135511
   620.090000  0.140572
   622.220000  0.140404
   624.340000  0.135102
   626.470000  0.140553
   628.600000  0.147504
   630.730000  0.138222
   632.860000  0.137860
   635.000000  0.138812
   637.130000  0.146008
   639.260000  0.142348
   641.400000  0.141997
   643.530000  0.148216
   645.670000  0.142265
   647.800000  0.149377
   649.940000  0.138234
   652.080000  0.140112
   654.220000  0.147235
   656.360000  0.133933
   658.500000  0.146767
   660.640000  0.147243
   662.780000  0.147119
   664.930000  0.149197
   667.070000  0.142821
   669.220000  0.147864
   671.360000  0.144850
   673.510000  0.152472
   675.660000  0.151959
   677.810000  0.158649
   679.960000  0.148649
   682.110000  0.151779
   684.260000  0.155635
   686.410000  0.153350
   688.560000  0.150314
   690.720000  0.156246
   692.870000  0.156189
   695.030000  0.170165
   697.180000  0.165057
   699.340000  0.163615
   701.500000  0.163860
   703.660000  0.165494
   705.820000  0.168825
   707.980000  0.171755
   710.140000  0.171650
   712.300000  0.176128
   714.460000  0.189420
   716.630000  0.168997
   718.790000  0.170628
   720.960000  0.183393
   723.130000  0.193525
   725.290000  0.190338
   727.460000  0.194351
   729.630000  0.170866
   731.800000  0.194200
   733.970000  0.195919
   736.140000  0.187249
   738.310000  0.197138
   740.490000  0.199542
   742.660000  0.196050
   744.840000  0.188695
   747.010000  0.196080
   749.190000  0.203116
   751.370000  0.200401
   753.540000  0.219485
   755.720000  0.203584
   757.900000  0.208904
   760.080000  0.211166
   762.270000  0.177753
   764.450000  0.220647
   766.630000  0.231259
   768.820000  0.226441
   771.000000  0.212318
   773.190000  0.199610
   775.370000  0.219994
   777.560000  0.219626
   779.750000  0.234023
   781.940000  0.232512
   784.130000  0.218316
   786.320000  0.227066
   788.510000  0.228826
   790.700000  0.211112
   792.900000  0.213792
   795.090000  0.219224
   797.290000  0.232202
   799.480000  0.219892
   801.680000  0.224295
   803.880000  0.196183
   806.080000  0.253480
   808.280000  0.234240
   810.480000  0.215705
   812.680000  0.243016
   814.880000  0.225056
   817.080000  0.202690
   819.290000  0.227208
   821.490000  0.216838
   823.700000  0.227101
   825.900000  0.269411
   828.110000  0.233514
   830.320000  0.244508
   832.530000  0.243648
   834.740000  0.235903
   836.950000  0.236758
   839.160000  0.240716
   841.370000  0.254819
   843.580000  0.269458
   845.800000  0.277430
   848.010000  0.250469
   850.230000  0.247557
   852.440000  0.270162
   854.660000  0.228862
   856.880000  0.247290
   859.100000  0.262637
   861.320000  0.255980
   863.540000  0.257201
   865.760000  0.258977
   867.980000  0.222750
   870.200000  0.265283
   872.430000  0.259297
   874.650000  0.298641
   876.880000  0.255678
   879.110000  0.253281
   881.330000  0.248906
   883.560000  0.273621
   885.790000  0.282219
   888.020000  0.241559
   890.250000  0.255167
   892.480000  0.261067
   894.710000  0.288669
   896.950000  0.275127
   899.180000  0.292184
   901.420000  0.272969
   903.650000  0.249909
   905.890000  0.256918
   908.130000  0.299435
   910.370000  0.277046
   912.600000  0.325232
   914.840000  0.294420
   917.090000  0.273175
   919.330000  0.236998
   921.570000  0.293708
   923.810000  0.259769
   926.060000  0.260853
   928.300000  0.299383
   930.550000  0.250669
   932.800000  0.232347
   935.040000  0.254665
   937.290000  0.326200
   939.540000  0.246390
   941.790000  0.297728
   944.040000  0.222629
   946.290000  0.305327
   948.550000  0.324959
   950.800000  0.272005
   953.060000  0.297024
   955.310000  0.272949
   957.570000  0.271933
   959.820000  0.285479
   962.080000  0.345048
   964.340000  0.270531
   966.600000  0.306236
   968.860000  0.297807
   971.120000  0.402305
   973.380000  0.328105
   975.650000  0.392209
   977.910000  0.301676
   980.180000  0.251093
   982.440000  0.346831
   984.710000  0.194693
   986.970000  0.297622
   989.240000  0.302096
   991.510000  0.255467
   993.780000  0.355991
   996.050000  0.242933
   998.320000  0.312608
  1000.590000  0.186374
  1002.870000  0.217382
  1005.140000  0.363331
  1007.420000  0.318429
  1009.690000  0.292134
  1011.970000  0.211568
  1014.250000  0.206911
  1016.520000  0.204265
  1018.800000  0.210873
  1021.080000  0.136294
  1023.360000  0.261590
  1025.650000  0.353079
