ENVI ASCII Plot File [Thu Aug 25 10:50:45 2022]
Column 1: Wavelength
Column 2: headwall_nano_refl_24432 (1465,162)~~2##255,0,0
   398.225000  0.088438
   400.437000  0.097725
   402.649000  0.087165
   404.860000  0.053382
   407.072000  0.080005
   409.284000  0.059761
   411.496000  0.068781
   413.707000  0.047266
   415.919000  0.054513
   418.131000  0.052569
   420.343000  0.055269
   422.554000  0.053478
   424.766000  0.072510
   426.978000  0.056527
   429.190000  0.061951
   431.401000  0.079124
   433.613000  0.074214
   435.825000  0.081848
   438.037000  0.084041
   440.248000  0.041736
   442.460000  0.090073
   444.672000  0.080418
   446.884000  0.075870
   449.095000  0.084433
   451.307000  0.086394
   453.519000  0.081554
   455.731000  0.082498
   457.942000  0.077967
   460.154000  0.089667
   462.366000  0.081272
   464.578000  0.085595
   466.789000  0.088319
   469.001000  0.091756
   471.213000  0.091890
   473.425000  0.095669
   475.636000  0.085630
   477.848000  0.092306
   480.060000  0.094254
   482.272000  0.090696
   484.483000  0.093723
   486.695000  0.096596
   488.907000  0.097957
   491.119000  0.097642
   493.330000  0.090512
   495.542000  0.093580
   497.754000  0.091978
   499.966000  0.098607
   502.177000  0.090047
   504.389000  0.100879
   506.601000  0.097636
   508.813000  0.095149
   511.024000  0.095006
   513.236000  0.100155
   515.448000  0.102646
   517.660000  0.091316
   519.871000  0.094420
   522.083000  0.106787
   524.295000  0.105812
   526.507000  0.104959
   528.718000  0.109614
   530.930000  0.115601
   533.142000  0.106100
   535.354000  0.109188
   537.565000  0.106327
   539.777000  0.117097
   541.989000  0.114612
   544.201000  0.128140
   546.412000  0.126417
   548.624000  0.126985
   550.836000  0.131238
   553.048000  0.137868
   555.259000  0.135364
   557.471000  0.144553
   559.683000  0.150606
   561.895000  0.154967
   564.106000  0.160313
   566.318000  0.171421
   568.530000  0.158630
   570.742000  0.173701
   572.953000  0.181346
   575.165000  0.188832
   577.377000  0.193286
   579.589000  0.191739
   581.800000  0.192038
   584.012000  0.188859
   586.224000  0.195417
   588.436000  0.206218
   590.647000  0.212879
   592.859000  0.215729
   595.071000  0.223995
   597.283000  0.222899
   599.494000  0.218907
   601.706000  0.229026
   603.918000  0.227181
   606.130000  0.227181
   608.341000  0.236370
   610.553000  0.230699
   612.765000  0.241050
   614.977000  0.237330
   617.188000  0.242444
   619.400000  0.234878
   621.612000  0.241929
   623.824000  0.245492
   626.035000  0.240848
   628.247000  0.239423
   630.459000  0.244891
   632.671000  0.250317
   634.882000  0.250470
   637.094000  0.249836
   639.306000  0.250217
   641.518000  0.252347
   643.729000  0.259278
   645.941000  0.251137
   648.153000  0.253018
   650.365000  0.254125
   652.576000  0.254920
   654.788000  0.259801
   657.000000  0.255392
   659.212000  0.264264
   661.423000  0.261323
   663.635000  0.255990
   665.847000  0.258083
   668.059000  0.254504
   670.270000  0.259651
   672.482000  0.256408
   674.694000  0.268266
   676.906000  0.265465
   679.117000  0.270606
   681.329000  0.270295
   683.541000  0.267769
   685.753000  0.266629
   687.964000  0.275928
   690.176000  0.273177
   692.388000  0.269523
   694.600000  0.277797
   696.811000  0.270994
   699.023000  0.279437
   701.235000  0.273522
   703.447000  0.268520
   705.658000  0.283210
   707.870000  0.279101
   710.082000  0.279420
   712.294000  0.288777
   714.505000  0.281777
   716.717000  0.285463
   718.929000  0.285949
   721.141000  0.283998
   723.352000  0.284529
   725.564000  0.279608
   727.776000  0.290205
   729.988000  0.285746
   732.199000  0.288654
   734.411000  0.291737
   736.623000  0.291823
   738.835000  0.298196
   741.046000  0.291010
   743.258000  0.291191
   745.470000  0.289529
   747.682000  0.302471
   749.893000  0.288844
   752.105000  0.301390
   754.317000  0.292769
   756.529000  0.295587
   758.740000  0.285992
   760.952000  0.305279
   763.164000  0.278392
   765.376000  0.308973
   767.587000  0.289017
   769.799000  0.295590
   772.011000  0.283481
   774.223000  0.290862
   776.434000  0.302711
   778.646000  0.292117
   780.858000  0.289768
   783.070000  0.299955
   785.281000  0.288954
   787.493000  0.291365
   789.705000  0.272207
   791.917000  0.304715
   794.128000  0.279750
   796.340000  0.316491
   798.552000  0.291706
   800.764000  0.301007
   802.975000  0.275909
   805.187000  0.306775
   807.399000  0.289231
   809.611000  0.303039
   811.822000  0.283184
   814.034000  0.281364
   816.246000  0.282254
   818.458000  0.303655
   820.669000  0.280371
   822.881000  0.293764
   825.093000  0.297681
   827.305000  0.273084
   829.516000  0.291439
   831.728000  0.311290
   833.940000  0.288349
   836.152000  0.292777
   838.363000  0.311277
   840.575000  0.290790
   842.787000  0.296448
   844.999000  0.313745
   847.210000  0.281020
   849.422000  0.288014
   851.634000  0.274069
   853.846000  0.285825
   856.057000  0.281194
   858.269000  0.297462
   860.481000  0.305168
   862.693000  0.297276
   864.904000  0.291346
   867.116000  0.294401
   869.328000  0.291633
   871.540000  0.301081
   873.751000  0.268523
   875.963000  0.284402
   878.175000  0.303692
   880.387000  0.284196
   882.598000  0.286701
   884.810000  0.295911
   887.022000  0.277605
   889.234000  0.285299
   891.445000  0.241312
   893.657000  0.301508
   895.869000  0.274004
   898.081000  0.282054
   900.292000  0.291542
   902.504000  0.283986
   904.716000  0.300799
   906.928000  0.281997
   909.139000  0.292494
   911.351000  0.305183
   913.563000  0.288080
   915.775000  0.298789
   917.986000  0.261753
   920.198000  0.297222
   922.410000  0.290776
   924.622000  0.304042
   926.833000  0.355148
   929.045000  0.330353
   931.257000  0.291139
   933.469000  0.300832
   935.680000  0.282028
   937.892000  0.344986
   940.104000  0.333422
   942.316000  0.271502
   944.527000  0.256667
   946.739000  0.341407
   948.951000  0.318606
   951.163000  0.351059
   953.374000  0.320071
   955.586000  0.335549
   957.798000  0.344276
   960.010000  0.298704
   962.221000  0.308329
   964.433000  0.325414
   966.645000  0.347063
   968.857000  0.287440
   971.068000  0.322480
   973.280000  0.361500
   975.492000  0.288800
   977.704000  0.353264
   979.915000  0.384964
   982.127000  0.181070
   984.339000  0.365970
   986.551000  0.280281
   988.762000  0.317446
   990.974000  0.357136
   993.186000  0.381795
   995.398000  0.347029
   997.609000  0.314487
   999.821000  0.285276
  1002.030000  0.273697
