ENVI ASCII Plot File [Thu Aug 25 10:55:02 2022]
Column 1: Wavelength
Column 2: headwall_nano_refl_24432 (1462,178)~~2##255,0,0
   398.225000  0.034158
   400.437000  0.049811
   402.649000  0.071193
   404.860000  0.062210
   407.072000  0.060928
   409.284000  0.057527
   411.496000  0.063469
   413.707000  0.082245
   415.919000  0.043471
   418.131000  0.057535
   420.343000  0.064258
   422.554000  0.059764
   424.766000  0.081251
   426.978000  0.081124
   429.190000  0.085253
   431.401000  0.067159
   433.613000  0.080220
   435.825000  0.071246
   438.037000  0.090172
   440.248000  0.087236
   442.460000  0.081417
   444.672000  0.092662
   446.884000  0.079741
   449.095000  0.093457
   451.307000  0.088363
   453.519000  0.088898
   455.731000  0.092820
   457.942000  0.084289
   460.154000  0.088752
   462.366000  0.086779
   464.578000  0.089331
   466.789000  0.097534
   469.001000  0.089179
   471.213000  0.093153
   473.425000  0.099584
   475.636000  0.089696
   477.848000  0.096751
   480.060000  0.092616
   482.272000  0.103219
   484.483000  0.091662
   486.695000  0.095185
   488.907000  0.088492
   491.119000  0.088968
   493.330000  0.101497
   495.542000  0.104086
   497.754000  0.097831
   499.966000  0.098536
   502.177000  0.092572
   504.389000  0.097470
   506.601000  0.094764
   508.813000  0.098648
   511.024000  0.099518
   513.236000  0.099704
   515.448000  0.092638
   517.660000  0.101110
   519.871000  0.097871
   522.083000  0.103892
   524.295000  0.093880
   526.507000  0.100882
   528.718000  0.107973
   530.930000  0.108775
   533.142000  0.106256
   535.354000  0.107223
   537.565000  0.107010
   539.777000  0.108583
   541.989000  0.113850
   544.201000  0.119989
   546.412000  0.107110
   548.624000  0.120226
   550.836000  0.122219
   553.048000  0.126513
   555.259000  0.121120
   557.471000  0.133650
   559.683000  0.129600
   561.895000  0.136684
   564.106000  0.137989
   566.318000  0.146226
   568.530000  0.137234
   570.742000  0.149186
   572.953000  0.147395
   575.165000  0.146340
   577.377000  0.160706
   579.589000  0.163717
   581.800000  0.167374
   584.012000  0.162020
   586.224000  0.169127
   588.436000  0.165757
   590.647000  0.169806
   592.859000  0.172904
   595.071000  0.176544
   597.283000  0.171351
   599.494000  0.176325
   601.706000  0.183777
   603.918000  0.170616
   606.130000  0.185089
   608.341000  0.179661
   610.553000  0.184416
   612.765000  0.185392
   614.977000  0.199791
   617.188000  0.198148
   619.400000  0.187904
   621.612000  0.181894
   623.824000  0.195780
   626.035000  0.196651
   628.247000  0.201182
   630.459000  0.193219
   632.671000  0.198291
   634.882000  0.204743
   637.094000  0.199602
   639.306000  0.194403
   641.518000  0.201605
   643.729000  0.196008
   645.941000  0.202908
   648.153000  0.201659
   650.365000  0.205407
   652.576000  0.208595
   654.788000  0.208772
   657.000000  0.215261
   659.212000  0.202547
   661.423000  0.201684
   663.635000  0.206245
   665.847000  0.209985
   668.059000  0.207761
   670.270000  0.203750
   672.482000  0.215420
   674.694000  0.207737
   676.906000  0.214686
   679.117000  0.206930
   681.329000  0.214834
   683.541000  0.220814
   685.753000  0.214962
   687.964000  0.204926
   690.176000  0.224378
   692.388000  0.205798
   694.600000  0.215684
   696.811000  0.221144
   699.023000  0.218332
   701.235000  0.217788
   703.447000  0.225271
   705.658000  0.218282
   707.870000  0.224531
   710.082000  0.210915
   712.294000  0.227038
   714.505000  0.220481
   716.717000  0.220310
   718.929000  0.228352
   721.141000  0.211480
   723.352000  0.219623
   725.564000  0.231785
   727.776000  0.232018
   729.988000  0.217751
   732.199000  0.235039
   734.411000  0.222602
   736.623000  0.222547
   738.835000  0.234027
   741.046000  0.222566
   743.258000  0.233644
   745.470000  0.217734
   747.682000  0.223254
   749.893000  0.227584
   752.105000  0.221060
   754.317000  0.225326
   756.529000  0.236749
   758.740000  0.226922
   760.952000  0.246238
   763.164000  0.227388
   765.376000  0.241652
   767.587000  0.224084
   769.799000  0.221621
   772.011000  0.235784
   774.223000  0.224694
   776.434000  0.224083
   778.646000  0.223770
   780.858000  0.239388
   783.070000  0.237115
   785.281000  0.219896
   787.493000  0.233838
   789.705000  0.220917
   791.917000  0.229211
   794.128000  0.215773
   796.340000  0.240675
   798.552000  0.223385
   800.764000  0.220038
   802.975000  0.223568
   805.187000  0.229946
   807.399000  0.242858
   809.611000  0.229633
   811.822000  0.225169
   814.034000  0.233322
   816.246000  0.220497
   818.458000  0.234359
   820.669000  0.242104
   822.881000  0.222529
   825.093000  0.228483
   827.305000  0.221742
   829.516000  0.211541
   831.728000  0.237922
   833.940000  0.209663
   836.152000  0.219485
   838.363000  0.215543
   840.575000  0.221353
   842.787000  0.232106
   844.999000  0.231753
   847.210000  0.225451
   849.422000  0.209541
   851.634000  0.202183
   853.846000  0.233975
   856.057000  0.241229
   858.269000  0.236590
   860.481000  0.234304
   862.693000  0.235124
   864.904000  0.233806
   867.116000  0.230147
   869.328000  0.234795
   871.540000  0.242968
   873.751000  0.236584
   875.963000  0.256404
   878.175000  0.250568
   880.387000  0.232514
   882.598000  0.219292
   884.810000  0.224701
   887.022000  0.211945
   889.234000  0.227384
   891.445000  0.253118
   893.657000  0.205361
   895.869000  0.220234
   898.081000  0.216573
   900.292000  0.222681
   902.504000  0.233332
   904.716000  0.221729
   906.928000  0.196873
   909.139000  0.239504
   911.351000  0.237743
   913.563000  0.250841
   915.775000  0.226342
   917.986000  0.216694
   920.198000  0.247352
   922.410000  0.224843
   924.622000  0.251889
   926.833000  0.239574
   929.045000  0.229901
   931.257000  0.225722
   933.469000  0.238490
   935.680000  0.234441
   937.892000  0.254797
   940.104000  0.231281
   942.316000  0.223943
   944.527000  0.265260
   946.739000  0.218763
   948.951000  0.207468
   951.163000  0.293120
   953.374000  0.258350
   955.586000  0.232375
   957.798000  0.192205
   960.010000  0.225575
   962.221000  0.224095
   964.433000  0.213149
   966.645000  0.289160
   968.857000  0.227460
   971.068000  0.218216
   973.280000  0.181457
   975.492000  0.264059
   977.704000  0.274428
   979.915000  0.233687
   982.127000  0.217105
   984.339000  0.232478
   986.551000  0.311168
   988.762000  0.260178
   990.974000  0.298111
   993.186000  0.258304
   995.398000  0.292481
   997.609000  0.274408
   999.821000  0.252809
  1002.030000  0.168747
