ENVI ASCII Plot File [Sun Jul 30 09:18:39 2023]
Column 1: Wavelength
Column 2: headwall_nano_refl_24432 (1858,192)~~2##255,0,0
   398.225000  0.114355
   400.437000  0.056510
   402.649000  0.040834
   404.860000  0.095635
   407.072000  0.035840
   409.284000  0.064958
   411.496000  0.042871
   413.707000  0.052704
   415.919000  0.051999
   418.131000  0.034391
   420.343000  0.044823
   422.554000  0.040513
   424.766000  0.042412
   426.978000  0.040507
   429.190000  0.032437
   431.401000  0.037091
   433.613000  0.042365
   435.825000  0.049300
   438.037000  0.047363
   440.248000  0.051996
   442.460000  0.063902
   444.672000  0.043266
   446.884000  0.045838
   449.095000  0.043259
   451.307000  0.051599
   453.519000  0.071310
   455.731000  0.063363
   457.942000  0.062785
   460.154000  0.061805
   462.366000  0.063177
   464.578000  0.072427
   466.789000  0.055602
   469.001000  0.061143
   471.213000  0.071560
   473.425000  0.066569
   475.636000  0.070736
   477.848000  0.062187
   480.060000  0.077517
   482.272000  0.070783
   484.483000  0.072163
   486.695000  0.068232
   488.907000  0.068700
   491.119000  0.066512
   493.330000  0.070650
   495.542000  0.074569
   497.754000  0.067075
   499.966000  0.079371
   502.177000  0.082141
   504.389000  0.072243
   506.601000  0.074142
   508.813000  0.081808
   511.024000  0.080703
   513.236000  0.080778
   515.448000  0.075380
   517.660000  0.083706
   519.871000  0.077758
   522.083000  0.082055
   524.295000  0.076580
   526.507000  0.084496
   528.718000  0.084031
   530.930000  0.083402
   533.142000  0.081106
   535.354000  0.090560
   537.565000  0.080248
   539.777000  0.085880
   541.989000  0.092500
   544.201000  0.090448
   546.412000  0.085657
   548.624000  0.101343
   550.836000  0.094268
   553.048000  0.098674
   555.259000  0.096848
   557.471000  0.102318
   559.683000  0.102750
   561.895000  0.099661
   564.106000  0.103903
   566.318000  0.104731
   568.530000  0.113595
   570.742000  0.114973
   572.953000  0.116058
   575.165000  0.115571
   577.377000  0.120064
   579.589000  0.122780
   581.800000  0.120561
   584.012000  0.124766
   586.224000  0.120736
   588.436000  0.131341
   590.647000  0.130146
   592.859000  0.130555
   595.071000  0.124586
   597.283000  0.130970
   599.494000  0.133526
   601.706000  0.134902
   603.918000  0.135264
   606.130000  0.133916
   608.341000  0.137904
   610.553000  0.141869
   612.765000  0.135503
   614.977000  0.139547
   617.188000  0.143918
   619.400000  0.147095
   621.612000  0.135642
   623.824000  0.135176
   626.035000  0.139967
   628.247000  0.138915
   630.459000  0.135230
   632.671000  0.145032
   634.882000  0.150306
   637.094000  0.138028
   639.306000  0.143524
   641.518000  0.139519
   643.729000  0.144377
   645.941000  0.148632
   648.153000  0.150567
   650.365000  0.148361
   652.576000  0.145899
   654.788000  0.148895
   657.000000  0.139766
   659.212000  0.151312
   661.423000  0.141506
   663.635000  0.144173
   665.847000  0.138685
   668.059000  0.146177
   670.270000  0.140625
   672.482000  0.147039
   674.694000  0.145849
   676.906000  0.140985
   679.117000  0.142398
   681.329000  0.145101
   683.541000  0.150165
   685.753000  0.143905
   687.964000  0.150942
   690.176000  0.145383
   692.388000  0.146207
   694.600000  0.153448
   696.811000  0.154200
   699.023000  0.148428
   701.235000  0.153975
   703.447000  0.150970
   705.658000  0.149495
   707.870000  0.162302
   710.082000  0.154764
   712.294000  0.148527
   714.505000  0.155400
   716.717000  0.163360
   718.929000  0.160799
   721.141000  0.145539
   723.352000  0.148840
   725.564000  0.145649
   727.776000  0.152714
   729.988000  0.149949
   732.199000  0.149294
   734.411000  0.158445
   736.623000  0.150723
   738.835000  0.153054
   741.046000  0.152989
   743.258000  0.158549
   745.470000  0.160463
   747.682000  0.162564
   749.893000  0.156805
   752.105000  0.161937
   754.317000  0.166588
   756.529000  0.167496
   758.740000  0.164972
   760.952000  0.158204
   763.164000  0.149662
   765.376000  0.152764
   767.587000  0.154240
   769.799000  0.161511
   772.011000  0.147980
   774.223000  0.164187
   776.434000  0.156087
   778.646000  0.167036
   780.858000  0.150991
   783.070000  0.171395
   785.281000  0.157454
   787.493000  0.151858
   789.705000  0.159084
   791.917000  0.150257
   794.128000  0.156388
   796.340000  0.157286
   798.552000  0.158710
   800.764000  0.170238
   802.975000  0.158615
   805.187000  0.172599
   807.399000  0.146129
   809.611000  0.152135
   811.822000  0.145541
   814.034000  0.148291
   816.246000  0.153083
   818.458000  0.157389
   820.669000  0.166925
   822.881000  0.156384
   825.093000  0.157860
   827.305000  0.147575
   829.516000  0.165653
   831.728000  0.158533
   833.940000  0.143440
   836.152000  0.156717
   838.363000  0.167980
   840.575000  0.189493
   842.787000  0.140031
   844.999000  0.167258
   847.210000  0.171870
   849.422000  0.160627
   851.634000  0.162105
   853.846000  0.158432
   856.057000  0.172767
   858.269000  0.160619
   860.481000  0.155743
   862.693000  0.167485
   864.904000  0.151931
   867.116000  0.167912
   869.328000  0.161748
   871.540000  0.166861
   873.751000  0.153797
   875.963000  0.158256
   878.175000  0.156269
   880.387000  0.177977
   882.598000  0.166297
   884.810000  0.190578
   887.022000  0.151083
   889.234000  0.155378
   891.445000  0.154331
   893.657000  0.165196
   895.869000  0.186081
   898.081000  0.172407
   900.292000  0.171296
   902.504000  0.169747
   904.716000  0.140040
   906.928000  0.166160
   909.139000  0.162908
   911.351000  0.183363
   913.563000  0.180354
   915.775000  0.173318
   917.986000  0.199281
   920.198000  0.166778
   922.410000  0.167575
   924.622000  0.177580
   926.833000  0.180389
   929.045000  0.236934
   931.257000  0.197278
   933.469000  0.217399
   935.680000  0.143387
   937.892000  0.192198
   940.104000  0.147426
   942.316000  0.182438
   944.527000  0.234533
   946.739000  0.213180
   948.951000  0.229618
   951.163000  0.234719
   953.374000  0.150687
   955.586000  0.178276
   957.798000  0.189265
   960.010000  0.122323
   962.221000  0.175104
   964.433000  0.253017
   966.645000  0.221349
   968.857000  0.171842
   971.068000  0.164596
   973.280000  0.168174
   975.492000  0.195950
   977.704000  0.158256
   979.915000  0.223861
   982.127000  0.173237
   984.339000  0.186558
   986.551000  0.140503
   988.762000  0.281679
   990.974000  0.221719
   993.186000  0.162106
   995.398000  0.199147
   997.609000  0.175766
   999.821000  0.203056
  1002.030000  0.183098
