ENVI ASCII Plot File [Sun Jul 30 09:25:42 2023]
Column 1: Wavelength
Column 2: headwall_nano_refl_24432 (1843,235)~~2##255,0,0
   398.225000  0.014743
   400.437000  0.035180
   402.649000  0.000000
   404.860000  0.061358
   407.072000  0.037991
   409.284000  0.022530
   411.496000  0.035292
   413.707000  0.042386
   415.919000  0.029068
   418.131000  0.025591
   420.343000  0.020746
   422.554000  0.016341
   424.766000  0.040302
   426.978000  0.034149
   429.190000  0.037490
   431.401000  0.042198
   433.613000  0.019469
   435.825000  0.041046
   438.037000  0.022944
   440.248000  0.035050
   442.460000  0.038751
   444.672000  0.042489
   446.884000  0.037310
   449.095000  0.029659
   451.307000  0.043708
   453.519000  0.042018
   455.731000  0.052021
   457.942000  0.043528
   460.154000  0.042224
   462.366000  0.040134
   464.578000  0.050027
   466.789000  0.037095
   469.001000  0.046661
   471.213000  0.047626
   473.425000  0.044773
   475.636000  0.037031
   477.848000  0.050069
   480.060000  0.047289
   482.272000  0.047653
   484.483000  0.036579
   486.695000  0.046653
   488.907000  0.049856
   491.119000  0.042512
   493.330000  0.036656
   495.542000  0.041964
   497.754000  0.041510
   499.966000  0.045106
   502.177000  0.047614
   504.389000  0.047423
   506.601000  0.049978
   508.813000  0.048767
   511.024000  0.052225
   513.236000  0.053498
   515.448000  0.051530
   517.660000  0.046506
   519.871000  0.048375
   522.083000  0.049931
   524.295000  0.053437
   526.507000  0.053335
   528.718000  0.049814
   530.930000  0.057798
   533.142000  0.051171
   535.354000  0.052040
   537.565000  0.058246
   539.777000  0.055689
   541.989000  0.050500
   544.201000  0.058697
   546.412000  0.051939
   548.624000  0.055771
   550.836000  0.051055
   553.048000  0.056738
   555.259000  0.059110
   557.471000  0.059966
   559.683000  0.065324
   561.895000  0.059323
   564.106000  0.063955
   566.318000  0.058248
   568.530000  0.060361
   570.742000  0.062004
   572.953000  0.058768
   575.165000  0.065790
   577.377000  0.069530
   579.589000  0.066766
   581.800000  0.066799
   584.012000  0.065982
   586.224000  0.067351
   588.436000  0.067645
   590.647000  0.069740
   592.859000  0.072385
   595.071000  0.070138
   597.283000  0.068345
   599.494000  0.067341
   601.706000  0.071234
   603.918000  0.063175
   606.130000  0.068313
   608.341000  0.069076
   610.553000  0.069779
   612.765000  0.068065
   614.977000  0.067065
   617.188000  0.067588
   619.400000  0.069975
   621.612000  0.067982
   623.824000  0.072243
   626.035000  0.068554
   628.247000  0.070251
   630.459000  0.072020
   632.671000  0.070324
   634.882000  0.069786
   637.094000  0.075950
   639.306000  0.073258
   641.518000  0.076293
   643.729000  0.071098
   645.941000  0.070965
   648.153000  0.069584
   650.365000  0.075507
   652.576000  0.071632
   654.788000  0.067004
   657.000000  0.067919
   659.212000  0.069322
   661.423000  0.062955
   663.635000  0.064636
   665.847000  0.070579
   668.059000  0.073847
   670.270000  0.070438
   672.482000  0.074094
   674.694000  0.066591
   676.906000  0.068542
   679.117000  0.072896
   681.329000  0.069929
   683.541000  0.076724
   685.753000  0.071129
   687.964000  0.071347
   690.176000  0.070336
   692.388000  0.072810
   694.600000  0.078752
   696.811000  0.075727
   699.023000  0.084179
   701.235000  0.081403
   703.447000  0.085294
   705.658000  0.085414
   707.870000  0.083874
   710.082000  0.091642
   712.294000  0.082728
   714.505000  0.087181
   716.717000  0.094038
   718.929000  0.084580
   721.141000  0.096492
   723.352000  0.093482
   725.564000  0.090566
   727.776000  0.084945
   729.988000  0.092153
   732.199000  0.090976
   734.411000  0.096714
   736.623000  0.087039
   738.835000  0.108356
   741.046000  0.095721
   743.258000  0.103432
   745.470000  0.089361
   747.682000  0.098617
   749.893000  0.089020
   752.105000  0.094773
   754.317000  0.094671
   756.529000  0.106127
   758.740000  0.099947
   760.952000  0.101482
   763.164000  0.090185
   765.376000  0.091755
   767.587000  0.090556
   769.799000  0.093734
   772.011000  0.103882
   774.223000  0.102421
   776.434000  0.110161
   778.646000  0.111325
   780.858000  0.106222
   783.070000  0.095211
   785.281000  0.109316
   787.493000  0.104556
   789.705000  0.097917
   791.917000  0.102369
   794.128000  0.103761
   796.340000  0.106415
   798.552000  0.098042
   800.764000  0.113409
   802.975000  0.097561
   805.187000  0.109004
   807.399000  0.109565
   809.611000  0.109924
   811.822000  0.105239
   814.034000  0.115553
   816.246000  0.109825
   818.458000  0.106003
   820.669000  0.107585
   822.881000  0.104433
   825.093000  0.092220
   827.305000  0.110971
   829.516000  0.108897
   831.728000  0.113350
   833.940000  0.106231
   836.152000  0.106624
   838.363000  0.101847
   840.575000  0.100447
   842.787000  0.104108
   844.999000  0.111315
   847.210000  0.116754
   849.422000  0.111165
   851.634000  0.108556
   853.846000  0.112170
   856.057000  0.122451
   858.269000  0.111626
   860.481000  0.108092
   862.693000  0.109665
   864.904000  0.125635
   867.116000  0.119348
   869.328000  0.118758
   871.540000  0.118849
   873.751000  0.114297
   875.963000  0.146951
   878.175000  0.116242
   880.387000  0.117502
   882.598000  0.100823
   884.810000  0.141935
   887.022000  0.111591
   889.234000  0.108766
   891.445000  0.137576
   893.657000  0.130887
   895.869000  0.136482
   898.081000  0.090669
   900.292000  0.124914
   902.504000  0.101116
   904.716000  0.105213
   906.928000  0.118387
   909.139000  0.100273
   911.351000  0.101817
   913.563000  0.109592
   915.775000  0.126741
   917.986000  0.104762
   920.198000  0.129624
   922.410000  0.107520
   924.622000  0.106904
   926.833000  0.134863
   929.045000  0.141372
   931.257000  0.131876
   933.469000  0.128930
   935.680000  0.126188
   937.892000  0.105623
   940.104000  0.157666
   942.316000  0.191223
   944.527000  0.063929
   946.739000  0.130250
   948.951000  0.121035
   951.163000  0.117515
   953.374000  0.132073
   955.586000  0.126754
   957.798000  0.071749
   960.010000  0.168836
   962.221000  0.091539
   964.433000  0.143306
   966.645000  0.112338
   968.857000  0.138603
   971.068000  0.166960
   973.280000  0.077924
   975.492000  0.102643
   977.704000  0.163069
   979.915000  0.089816
   982.127000  0.164658
   984.339000  0.069575
   986.551000  0.082701
   988.762000  0.154812
   990.974000  0.132738
   993.186000  0.113110
   995.398000  0.140763
   997.609000  0.175862
   999.821000  0.178200
  1002.030000  0.161038
