ENVI ASCII Plot File [Sun Jul 30 09:21:43 2023]
Column 1: Wavelength
Column 2: headwall_nano_refl_24432 (1857,204)~~2##255,0,0
   398.225000  0.042584
   400.437000  0.083300
   402.649000  0.046519
   404.860000  0.060743
   407.072000  0.000000
   409.284000  0.015183
   411.496000  0.023568
   413.707000  0.044337
   415.919000  0.044000
   418.131000  0.027495
   420.343000  0.022380
   422.554000  0.047047
   424.766000  0.041471
   426.978000  0.040071
   429.190000  0.035683
   431.401000  0.031286
   433.613000  0.038822
   435.825000  0.029020
   438.037000  0.031714
   440.248000  0.038029
   442.460000  0.043252
   444.672000  0.042448
   446.884000  0.039310
   449.095000  0.043714
   451.307000  0.044371
   453.519000  0.041659
   455.731000  0.054476
   457.942000  0.033530
   460.154000  0.032190
   462.366000  0.042181
   464.578000  0.043291
   466.789000  0.038837
   469.001000  0.051234
   471.213000  0.046336
   473.425000  0.039794
   475.636000  0.043078
   477.848000  0.040606
   480.060000  0.040789
   482.272000  0.040425
   484.483000  0.040463
   486.695000  0.046197
   488.907000  0.045367
   491.119000  0.047719
   493.330000  0.045580
   495.542000  0.045927
   497.754000  0.037393
   499.966000  0.046307
   502.177000  0.051059
   504.389000  0.051387
   506.601000  0.052714
   508.813000  0.047489
   511.024000  0.043391
   513.236000  0.052176
   515.448000  0.045584
   517.660000  0.043910
   519.871000  0.041486
   522.083000  0.051046
   524.295000  0.046453
   526.507000  0.048998
   528.718000  0.051884
   530.930000  0.049001
   533.142000  0.062472
   535.354000  0.049817
   537.565000  0.053029
   539.777000  0.054931
   541.989000  0.055406
   544.201000  0.058786
   546.412000  0.058562
   548.624000  0.056984
   550.836000  0.058844
   553.048000  0.062676
   555.259000  0.061642
   557.471000  0.063631
   559.683000  0.058911
   561.895000  0.065143
   564.106000  0.058177
   566.318000  0.068082
   568.530000  0.059566
   570.742000  0.070242
   572.953000  0.064008
   575.165000  0.069559
   577.377000  0.070063
   579.589000  0.070497
   581.800000  0.066189
   584.012000  0.074139
   586.224000  0.072343
   588.436000  0.078887
   590.647000  0.071582
   592.859000  0.076243
   595.071000  0.078207
   597.283000  0.075357
   599.494000  0.073109
   601.706000  0.076656
   603.918000  0.078833
   606.130000  0.075615
   608.341000  0.077330
   610.553000  0.081199
   612.765000  0.078205
   614.977000  0.079846
   617.188000  0.073494
   619.400000  0.079395
   621.612000  0.080314
   623.824000  0.081247
   626.035000  0.080449
   628.247000  0.082765
   630.459000  0.077975
   632.671000  0.081793
   634.882000  0.080932
   637.094000  0.079810
   639.306000  0.073993
   641.518000  0.086492
   643.729000  0.085623
   645.941000  0.078141
   648.153000  0.082592
   650.365000  0.076029
   652.576000  0.078572
   654.788000  0.081861
   657.000000  0.078689
   659.212000  0.075854
   661.423000  0.081284
   663.635000  0.075499
   665.847000  0.077414
   668.059000  0.082105
   670.270000  0.073194
   672.482000  0.082009
   674.694000  0.084168
   676.906000  0.082740
   679.117000  0.077352
   681.329000  0.082170
   683.541000  0.084398
   685.753000  0.083769
   687.964000  0.079712
   690.176000  0.085887
   692.388000  0.083308
   694.600000  0.091876
   696.811000  0.094040
   699.023000  0.093125
   701.235000  0.090969
   703.447000  0.097337
   705.658000  0.098633
   707.870000  0.102769
   710.082000  0.100902
   712.294000  0.100926
   714.505000  0.104563
   716.717000  0.110242
   718.929000  0.112060
   721.141000  0.104119
   723.352000  0.110528
   725.564000  0.106868
   727.776000  0.108599
   729.988000  0.116780
   732.199000  0.108666
   734.411000  0.111334
   736.623000  0.118660
   738.835000  0.119978
   741.046000  0.110716
   743.258000  0.109981
   745.470000  0.113517
   747.682000  0.116058
   749.893000  0.116849
   752.105000  0.116090
   754.317000  0.129205
   756.529000  0.121985
   758.740000  0.109130
   760.952000  0.116451
   763.164000  0.121106
   765.376000  0.116574
   767.587000  0.118568
   769.799000  0.132423
   772.011000  0.121323
   774.223000  0.120932
   776.434000  0.134895
   778.646000  0.129121
   780.858000  0.130740
   783.070000  0.138452
   785.281000  0.135186
   787.493000  0.138777
   789.705000  0.136750
   791.917000  0.127457
   794.128000  0.140908
   796.340000  0.128274
   798.552000  0.137356
   800.764000  0.142389
   802.975000  0.143028
   805.187000  0.138294
   807.399000  0.141059
   809.611000  0.137161
   811.822000  0.135186
   814.034000  0.141917
   816.246000  0.143468
   818.458000  0.151561
   820.669000  0.132711
   822.881000  0.161992
   825.093000  0.141859
   827.305000  0.148176
   829.516000  0.147994
   831.728000  0.159859
   833.940000  0.154000
   836.152000  0.159109
   838.363000  0.154222
   840.575000  0.156829
   842.787000  0.130578
   844.999000  0.136872
   847.210000  0.165905
   849.422000  0.177410
   851.634000  0.162619
   853.846000  0.156240
   856.057000  0.159829
   858.269000  0.165818
   860.481000  0.161002
   862.693000  0.142940
   864.904000  0.153337
   867.116000  0.174347
   869.328000  0.154114
   871.540000  0.173173
   873.751000  0.168999
   875.963000  0.183808
   878.175000  0.160347
   880.387000  0.180040
   882.598000  0.175438
   884.810000  0.172017
   887.022000  0.159774
   889.234000  0.160262
   891.445000  0.170292
   893.657000  0.183210
   895.869000  0.184442
   898.081000  0.172837
   900.292000  0.177976
   902.504000  0.187591
   904.716000  0.179998
   906.928000  0.151069
   909.139000  0.199517
   911.351000  0.169684
   913.563000  0.198267
   915.775000  0.176078
   917.986000  0.181314
   920.198000  0.181580
   922.410000  0.185024
   924.622000  0.182564
   926.833000  0.184586
   929.045000  0.176222
   931.257000  0.189757
   933.469000  0.158041
   935.680000  0.204118
   937.892000  0.191912
   940.104000  0.143345
   942.316000  0.208792
   944.527000  0.214355
   946.739000  0.180531
   948.951000  0.164532
   951.163000  0.175689
   953.374000  0.179250
   955.586000  0.198090
   957.798000  0.275374
   960.010000  0.223379
   962.221000  0.226318
   964.433000  0.187896
   966.645000  0.223412
   968.857000  0.236867
   971.068000  0.287832
   973.280000  0.173169
   975.492000  0.207616
   977.704000  0.246599
   979.915000  0.222429
   982.127000  0.196440
   984.339000  0.218395
   986.551000  0.170327
   988.762000  0.221188
   990.974000  0.144758
   993.186000  0.203348
   995.398000  0.247365
   997.609000  0.271754
   999.821000  0.205170
  1002.030000  0.177101
