ENVI ASCII Plot File [Sun Jul 30 09:22:56 2023]
Column 1: Wavelength
Column 2: headwall_nano_refl_24432 (1846,208)~~2##255,0,0
   398.225000  0.048368
   400.437000  0.005746
   402.649000  0.068048
   404.860000  0.021316
   407.072000  0.054981
   409.284000  0.035136
   411.496000  0.061980
   413.707000  0.037230
   415.919000  0.042362
   418.131000  0.040990
   420.343000  0.042438
   422.554000  0.045117
   424.766000  0.041896
   426.978000  0.048990
   429.190000  0.042677
   431.401000  0.035415
   433.613000  0.037816
   435.825000  0.055838
   438.037000  0.068603
   440.248000  0.062702
   442.460000  0.073224
   444.672000  0.068015
   446.884000  0.068200
   449.095000  0.069752
   451.307000  0.063636
   453.519000  0.055511
   455.731000  0.065303
   457.942000  0.069341
   460.154000  0.059676
   462.366000  0.068353
   464.578000  0.076572
   466.789000  0.064588
   469.001000  0.072339
   471.213000  0.070161
   473.425000  0.069180
   475.636000  0.070265
   477.848000  0.074245
   480.060000  0.065333
   482.272000  0.063350
   484.483000  0.066736
   486.695000  0.069488
   488.907000  0.063934
   491.119000  0.063713
   493.330000  0.071175
   495.542000  0.072090
   497.754000  0.071014
   499.966000  0.069046
   502.177000  0.074152
   504.389000  0.075477
   506.601000  0.067104
   508.813000  0.075847
   511.024000  0.073124
   513.236000  0.069378
   515.448000  0.071507
   517.660000  0.070142
   519.871000  0.069082
   522.083000  0.071995
   524.295000  0.075873
   526.507000  0.072883
   528.718000  0.075258
   530.930000  0.074184
   533.142000  0.073684
   535.354000  0.078351
   537.565000  0.069279
   539.777000  0.079767
   541.989000  0.072106
   544.201000  0.075476
   546.412000  0.074676
   548.624000  0.076749
   550.836000  0.072067
   553.048000  0.076059
   555.259000  0.078944
   557.471000  0.081711
   559.683000  0.077243
   561.895000  0.081072
   564.106000  0.076141
   566.318000  0.086917
   568.530000  0.078075
   570.742000  0.083203
   572.953000  0.079037
   575.165000  0.084313
   577.377000  0.079229
   579.589000  0.085098
   581.800000  0.083245
   584.012000  0.084118
   586.224000  0.085282
   588.436000  0.087055
   590.647000  0.083004
   592.859000  0.098519
   595.071000  0.091744
   597.283000  0.091800
   599.494000  0.092788
   601.706000  0.097333
   603.918000  0.091744
   606.130000  0.092873
   608.341000  0.098920
   610.553000  0.095036
   612.765000  0.093536
   614.977000  0.094027
   617.188000  0.091855
   619.400000  0.097625
   621.612000  0.094249
   623.824000  0.097903
   626.035000  0.103310
   628.247000  0.101357
   630.459000  0.097870
   632.671000  0.096326
   634.882000  0.095890
   637.094000  0.100256
   639.306000  0.093897
   641.518000  0.100807
   643.729000  0.098199
   645.941000  0.100228
   648.153000  0.089497
   650.365000  0.104076
   652.576000  0.095653
   654.788000  0.095366
   657.000000  0.096343
   659.212000  0.098779
   661.423000  0.101001
   663.635000  0.094853
   665.847000  0.088682
   668.059000  0.091272
   670.270000  0.093257
   672.482000  0.094848
   674.694000  0.095278
   676.906000  0.091836
   679.117000  0.084126
   681.329000  0.095992
   683.541000  0.099865
   685.753000  0.104586
   687.964000  0.099751
   690.176000  0.101297
   692.388000  0.103267
   694.600000  0.106967
   696.811000  0.110338
   699.023000  0.115118
   701.235000  0.117864
   703.447000  0.124780
   705.658000  0.130061
   707.870000  0.130968
   710.082000  0.134573
   712.294000  0.124908
   714.505000  0.132775
   716.717000  0.140216
   718.929000  0.135704
   721.141000  0.144378
   723.352000  0.142331
   725.564000  0.145673
   727.776000  0.142968
   729.988000  0.154423
   732.199000  0.150277
   734.411000  0.153838
   736.623000  0.145178
   738.835000  0.152951
   741.046000  0.149037
   743.258000  0.150747
   745.470000  0.149567
   747.682000  0.151675
   749.893000  0.152535
   752.105000  0.153384
   754.317000  0.152205
   756.529000  0.162695
   758.740000  0.152689
   760.952000  0.157702
   763.164000  0.140045
   765.376000  0.154894
   767.587000  0.159325
   769.799000  0.164099
   772.011000  0.157797
   774.223000  0.154916
   776.434000  0.154349
   778.646000  0.161817
   780.858000  0.149467
   783.070000  0.158661
   785.281000  0.172295
   787.493000  0.159732
   789.705000  0.157923
   791.917000  0.164461
   794.128000  0.152531
   796.340000  0.159883
   798.552000  0.151350
   800.764000  0.150911
   802.975000  0.147165
   805.187000  0.156002
   807.399000  0.157279
   809.611000  0.149939
   811.822000  0.157115
   814.034000  0.157266
   816.246000  0.166058
   818.458000  0.158841
   820.669000  0.165899
   822.881000  0.165114
   825.093000  0.149274
   827.305000  0.169151
   829.516000  0.160619
   831.728000  0.149016
   833.940000  0.158581
   836.152000  0.165900
   838.363000  0.162273
   840.575000  0.167747
   842.787000  0.153183
   844.999000  0.178260
   847.210000  0.154417
   849.422000  0.164442
   851.634000  0.173757
   853.846000  0.154582
   856.057000  0.188614
   858.269000  0.179195
   860.481000  0.173810
   862.693000  0.177689
   864.904000  0.153203
   867.116000  0.162653
   869.328000  0.171989
   871.540000  0.165804
   873.751000  0.157269
   875.963000  0.180480
   878.175000  0.147504
   880.387000  0.160509
   882.598000  0.178582
   884.810000  0.134891
   887.022000  0.176042
   889.234000  0.173163
   891.445000  0.179841
   893.657000  0.170149
   895.869000  0.180709
   898.081000  0.153915
   900.292000  0.171304
   902.504000  0.203425
   904.716000  0.180941
   906.928000  0.170347
   909.139000  0.188939
   911.351000  0.188758
   913.563000  0.182860
   915.775000  0.204454
   917.986000  0.161641
   920.198000  0.180557
   922.410000  0.192499
   924.622000  0.159698
   926.833000  0.185086
   929.045000  0.158452
   931.257000  0.193800
   933.469000  0.179441
   935.680000  0.169003
   937.892000  0.229470
   940.104000  0.158061
   942.316000  0.245474
   944.527000  0.170459
   946.739000  0.177771
   948.951000  0.213955
   951.163000  0.206016
   953.374000  0.214746
   955.586000  0.211456
   957.798000  0.179178
   960.010000  0.260701
   962.221000  0.188386
   964.433000  0.185832
   966.645000  0.202315
   968.857000  0.188056
   971.068000  0.136321
   973.280000  0.172340
   975.492000  0.141762
   977.704000  0.238343
   979.915000  0.172105
   982.127000  0.186293
   984.339000  0.168182
   986.551000  0.187836
   988.762000  0.144109
   990.974000  0.181781
   993.186000  0.266002
   995.398000  0.180487
   997.609000  0.275021
   999.821000  0.245620
  1002.030000  0.150077
