ENVI ASCII Plot File [Thu Aug 25 11:12:30 2022]
Column 1: Wavelength
Column 2: resonon_pika-L_refl_5.bil (4325,30)~~2##255,0,0
   381.170000  0.079518
   383.200000  0.163794
   385.230000  0.162941
   387.260000  0.248442
   389.290000  0.205890
   391.330000  0.138915
   393.360000  0.088387
   395.390000  0.132721
   397.430000  0.135873
   399.470000  0.133631
   401.500000  0.108430
   403.540000  0.099406
   405.580000  0.091977
   407.620000  0.093460
   409.660000  0.084629
   411.700000  0.077646
   413.740000  0.071456
   415.780000  0.078680
   417.830000  0.074263
   419.870000  0.075937
   421.920000  0.078736
   423.960000  0.076237
   426.010000  0.074506
   428.060000  0.071342
   430.110000  0.070672
   432.160000  0.081971
   434.210000  0.076739
   436.260000  0.075877
   438.310000  0.084921
   440.360000  0.083711
   442.420000  0.082402
   444.470000  0.083174
   446.530000  0.079284
   448.590000  0.088147
   450.640000  0.086531
   452.700000  0.090917
   454.760000  0.090231
   456.820000  0.092025
   458.880000  0.090152
   460.940000  0.090643
   463.000000  0.092819
   465.070000  0.091465
   467.130000  0.092106
   469.200000  0.095298
   471.260000  0.094218
   473.330000  0.095355
   475.400000  0.093538
   477.460000  0.094292
   479.530000  0.099462
   481.600000  0.094504
   483.670000  0.096473
   485.750000  0.097043
   487.820000  0.097406
   489.890000  0.097798
   491.970000  0.098507
   494.040000  0.104181
   496.120000  0.099256
   498.190000  0.103679
   500.270000  0.106521
   502.350000  0.104001
   504.430000  0.100912
   506.510000  0.106886
   508.590000  0.107543
   510.670000  0.113452
   512.750000  0.106867
   514.840000  0.110562
   516.920000  0.110986
   519.010000  0.113404
   521.090000  0.114470
   523.180000  0.113598
   525.270000  0.116771
   527.360000  0.116076
   529.450000  0.117417
   531.540000  0.120948
   533.630000  0.120494
   535.720000  0.125289
   537.810000  0.123600
   539.910000  0.125981
   542.000000  0.129090
   544.090000  0.129583
   546.190000  0.138829
   548.290000  0.132874
   550.390000  0.136157
   552.480000  0.143830
   554.580000  0.142752
   556.680000  0.155977
   558.790000  0.156969
   560.890000  0.161900
   562.990000  0.164823
   565.090000  0.170737
   567.200000  0.173746
   569.310000  0.188283
   571.410000  0.188516
   573.520000  0.199230
   575.630000  0.205552
   577.740000  0.202942
   579.850000  0.205003
   581.960000  0.211631
   584.070000  0.220109
   586.180000  0.222799
   588.290000  0.224152
   590.410000  0.222858
   592.520000  0.233127
   594.640000  0.242452
   596.750000  0.250352
   598.870000  0.243101
   600.990000  0.255046
   603.110000  0.254410
   605.230000  0.262925
   607.350000  0.259297
   609.470000  0.257461
   611.590000  0.270759
   613.720000  0.271017
   615.840000  0.268753
   617.970000  0.273178
   620.090000  0.271700
   622.220000  0.268715
   624.340000  0.273987
   626.470000  0.285013
   628.600000  0.284523
   630.730000  0.289995
   632.860000  0.283403
   635.000000  0.286911
   637.130000  0.277329
   639.260000  0.296969
   641.400000  0.289667
   643.530000  0.296321
   645.670000  0.294093
   647.800000  0.304176
   649.940000  0.295356
   652.080000  0.305933
   654.220000  0.296710
   656.360000  0.301505
   658.500000  0.296242
   660.640000  0.309337
   662.780000  0.300312
   664.930000  0.304061
   667.070000  0.302882
   669.220000  0.311602
   671.360000  0.312101
   673.510000  0.308454
   675.660000  0.315287
   677.810000  0.323775
   679.960000  0.319084
   682.110000  0.319181
   684.260000  0.318929
   686.410000  0.319473
   688.560000  0.309104
   690.720000  0.320620
   692.870000  0.331436
   695.030000  0.323675
   697.180000  0.336429
   699.340000  0.325432
   701.500000  0.328545
   703.660000  0.327421
   705.820000  0.337072
   707.980000  0.335676
   710.140000  0.333186
   712.300000  0.338339
   714.460000  0.357047
   716.630000  0.322859
   718.790000  0.331235
   720.960000  0.347974
   723.130000  0.383550
   725.290000  0.355056
   727.460000  0.359392
   729.630000  0.353503
   731.800000  0.352070
   733.970000  0.368907
   736.140000  0.358160
   738.310000  0.348359
   740.490000  0.341461
   742.660000  0.351378
   744.840000  0.354471
   747.010000  0.350000
   749.190000  0.359794
   751.370000  0.359798
   753.540000  0.365414
   755.720000  0.365839
   757.900000  0.350042
   760.080000  0.330172
   762.270000  0.278068
   764.450000  0.364173
   766.630000  0.393953
   768.820000  0.397192
   771.000000  0.373388
   773.190000  0.363468
   775.370000  0.362069
   777.560000  0.361678
   779.750000  0.367660
   781.940000  0.377456
   784.130000  0.368110
   786.320000  0.362801
   788.510000  0.381508
   790.700000  0.370486
   792.900000  0.373882
   795.090000  0.389572
   797.290000  0.370361
   799.480000  0.362742
   801.680000  0.394491
   803.880000  0.381456
   806.080000  0.379593
   808.280000  0.377874
   810.480000  0.392617
   812.680000  0.383257
   814.880000  0.370069
   817.080000  0.376465
   819.290000  0.393423
   821.490000  0.375919
   823.700000  0.357855
   825.900000  0.402701
   828.110000  0.399105
   830.320000  0.371685
   832.530000  0.401317
   834.740000  0.353137
   836.950000  0.373529
   839.160000  0.386920
   841.370000  0.383776
   843.580000  0.385319
   845.800000  0.402259
   848.010000  0.370741
   850.230000  0.378910
   852.440000  0.376947
   854.660000  0.387768
   856.880000  0.351564
   859.100000  0.375138
   861.320000  0.419565
   863.540000  0.369727
   865.760000  0.375332
   867.980000  0.395821
   870.200000  0.392177
   872.430000  0.389274
   874.650000  0.364672
   876.880000  0.365678
   879.110000  0.366712
   881.330000  0.414235
   883.560000  0.411074
   885.790000  0.377997
   888.020000  0.376720
   890.250000  0.346232
   892.480000  0.366625
   894.710000  0.355703
   896.950000  0.387419
   899.180000  0.398989
   901.420000  0.402855
   903.650000  0.362027
   905.890000  0.382352
   908.130000  0.439316
   910.370000  0.359220
   912.600000  0.353024
   914.840000  0.399330
   917.090000  0.414243
   919.330000  0.369579
   921.570000  0.364373
   923.810000  0.394187
   926.060000  0.443959
   928.300000  0.373736
   930.550000  0.428925
   932.800000  0.358394
   935.040000  0.449959
   937.290000  0.402926
   939.540000  0.386200
   941.790000  0.339705
   944.040000  0.379181
   946.290000  0.435773
   948.550000  0.293258
   950.800000  0.407239
   953.060000  0.439740
   955.310000  0.313144
   957.570000  0.350839
   959.820000  0.347739
   962.080000  0.294978
   964.340000  0.400399
   966.600000  0.486655
   968.860000  0.398412
   971.120000  0.364451
   973.380000  0.412029
   975.650000  0.318061
   977.910000  0.461321
   980.180000  0.376566
   982.440000  0.438787
   984.710000  0.476816
   986.970000  0.220844
   989.240000  0.388290
   991.510000  0.318347
   993.780000  0.395462
   996.050000  0.327080
   998.320000  0.426850
  1000.590000  0.274505
  1002.870000  0.199373
  1005.140000  0.329122
  1007.420000  0.217809
  1009.690000  0.251793
  1011.970000  0.365484
  1014.250000  0.327077
  1016.520000  0.366375
  1018.800000  0.204527
  1021.080000  0.256704
  1023.360000  0.256111
  1025.650000  0.255754
