ENVI ASCII Plot File [Thu Aug 25 11:16:17 2022]
Column 1: Wavelength
Column 2: resonon_pika-L_refl_5.bil (4324,47)~~2##255,0,0
   381.170000  0.141964
   383.200000  0.170209
   385.230000  0.154833
   387.260000  0.092792
   389.290000  0.095816
   391.330000  0.082108
   393.360000  0.078359
   395.390000  0.113648
   397.430000  0.103048
   399.470000  0.085108
   401.500000  0.074611
   403.540000  0.071116
   405.580000  0.059102
   407.620000  0.064956
   409.660000  0.067822
   411.700000  0.061020
   413.740000  0.063798
   415.780000  0.064474
   417.830000  0.059979
   419.870000  0.063441
   421.920000  0.059934
   423.960000  0.063378
   426.010000  0.066632
   428.060000  0.063228
   430.110000  0.065179
   432.160000  0.061517
   434.210000  0.066923
   436.260000  0.067027
   438.310000  0.067725
   440.360000  0.065212
   442.420000  0.066565
   444.470000  0.071184
   446.530000  0.067126
   448.590000  0.067156
   450.640000  0.070647
   452.700000  0.073198
   454.760000  0.071586
   456.820000  0.075271
   458.880000  0.073338
   460.940000  0.069029
   463.000000  0.076635
   465.070000  0.072804
   467.130000  0.076338
   469.200000  0.073347
   471.260000  0.080214
   473.330000  0.075322
   475.400000  0.076995
   477.460000  0.076964
   479.530000  0.075617
   481.600000  0.080523
   483.670000  0.078465
   485.750000  0.079513
   487.820000  0.079353
   489.890000  0.073401
   491.970000  0.077721
   494.040000  0.079921
   496.120000  0.085312
   498.190000  0.082535
   500.270000  0.085119
   502.350000  0.085238
   504.430000  0.083679
   506.510000  0.083647
   508.590000  0.084379
   510.670000  0.083322
   512.750000  0.083356
   514.840000  0.088477
   516.920000  0.087585
   519.010000  0.087099
   521.090000  0.084513
   523.180000  0.089930
   525.270000  0.089032
   527.360000  0.090790
   529.450000  0.086180
   531.540000  0.090952
   533.630000  0.096489
   535.720000  0.094060
   537.810000  0.094433
   539.910000  0.096325
   542.000000  0.094916
   544.090000  0.095065
   546.190000  0.103753
   548.290000  0.101796
   550.390000  0.099607
   552.480000  0.102513
   554.580000  0.104193
   556.680000  0.100445
   558.790000  0.101128
   560.890000  0.106170
   562.990000  0.109214
   565.090000  0.110685
   567.200000  0.108979
   569.310000  0.113710
   571.410000  0.122218
   573.520000  0.121331
   575.630000  0.114540
   577.740000  0.115872
   579.850000  0.127463
   581.960000  0.117966
   584.070000  0.123805
   586.180000  0.125638
   588.290000  0.126661
   590.410000  0.126415
   592.520000  0.131059
   594.640000  0.127025
   596.750000  0.129164
   598.870000  0.128673
   600.990000  0.133979
   603.110000  0.132550
   605.230000  0.136938
   607.350000  0.138115
   609.470000  0.136275
   611.590000  0.137415
   613.720000  0.142378
   615.840000  0.145616
   617.970000  0.140362
   620.090000  0.142454
   622.220000  0.141358
   624.340000  0.142702
   626.470000  0.142764
   628.600000  0.148810
   630.730000  0.152981
   632.860000  0.148419
   635.000000  0.149152
   637.130000  0.145411
   639.260000  0.150987
   641.400000  0.154269
   643.530000  0.146349
   645.670000  0.150340
   647.800000  0.146199
   649.940000  0.152795
   652.080000  0.151908
   654.220000  0.153689
   656.360000  0.144227
   658.500000  0.157559
   660.640000  0.150367
   662.780000  0.151760
   664.930000  0.154674
   667.070000  0.150509
   669.220000  0.151069
   671.360000  0.147717
   673.510000  0.145296
   675.660000  0.155594
   677.810000  0.148912
   679.960000  0.159931
   682.110000  0.153107
   684.260000  0.151292
   686.410000  0.147149
   688.560000  0.147341
   690.720000  0.168072
   692.870000  0.162412
   695.030000  0.164226
   697.180000  0.168624
   699.340000  0.174645
   701.500000  0.168764
   703.660000  0.171714
   705.820000  0.175378
   707.980000  0.190292
   710.140000  0.184683
   712.300000  0.179732
   714.460000  0.182072
   716.630000  0.188803
   718.790000  0.186408
   720.960000  0.192465
   723.130000  0.203592
   725.290000  0.198924
   727.460000  0.206130
   729.630000  0.191109
   731.800000  0.200022
   733.970000  0.210109
   736.140000  0.191099
   738.310000  0.208403
   740.490000  0.212651
   742.660000  0.204112
   744.840000  0.204811
   747.010000  0.215388
   749.190000  0.208316
   751.370000  0.196644
   753.540000  0.207627
   755.720000  0.208556
   757.900000  0.213025
   760.080000  0.183318
   762.270000  0.188630
   764.450000  0.223645
   766.630000  0.220879
   768.820000  0.219191
   771.000000  0.220524
   773.190000  0.215275
   775.370000  0.215151
   777.560000  0.221263
   779.750000  0.212129
   781.940000  0.214668
   784.130000  0.217730
   786.320000  0.233734
   788.510000  0.233730
   790.700000  0.233522
   792.900000  0.212269
   795.090000  0.210496
   797.290000  0.220582
   799.480000  0.227021
   801.680000  0.229819
   803.880000  0.206470
   806.080000  0.210065
   808.280000  0.233872
   810.480000  0.230904
   812.680000  0.214525
   814.880000  0.215712
   817.080000  0.235094
   819.290000  0.237493
   821.490000  0.219331
   823.700000  0.236276
   825.900000  0.224293
   828.110000  0.222394
   830.320000  0.226671
   832.530000  0.235201
   834.740000  0.223514
   836.950000  0.251685
   839.160000  0.247094
   841.370000  0.227028
   843.580000  0.256088
   845.800000  0.235078
   848.010000  0.237756
   850.230000  0.234393
   852.440000  0.240105
   854.660000  0.215109
   856.880000  0.231366
   859.100000  0.253445
   861.320000  0.254478
   863.540000  0.238272
   865.760000  0.217617
   867.980000  0.220958
   870.200000  0.239491
   872.430000  0.247112
   874.650000  0.228768
   876.880000  0.239834
   879.110000  0.272125
   881.330000  0.237836
   883.560000  0.220718
   885.790000  0.249583
   888.020000  0.246159
   890.250000  0.227142
   892.480000  0.245750
   894.710000  0.253035
   896.950000  0.246198
   899.180000  0.232384
   901.420000  0.240300
   903.650000  0.257284
   905.890000  0.270856
   908.130000  0.223460
   910.370000  0.254244
   912.600000  0.272841
   914.840000  0.215573
   917.090000  0.240093
   919.330000  0.257073
   921.570000  0.230073
   923.810000  0.240067
   926.060000  0.231088
   928.300000  0.243271
   930.550000  0.200281
   932.800000  0.226811
   935.040000  0.213997
   937.290000  0.235967
   939.540000  0.205651
   941.790000  0.289683
   944.040000  0.213064
   946.290000  0.151950
   948.550000  0.207675
   950.800000  0.275652
   953.060000  0.275645
   955.310000  0.242590
   957.570000  0.274635
   959.820000  0.264246
   962.080000  0.301204
   964.340000  0.226595
   966.600000  0.262360
   968.860000  0.219821
   971.120000  0.249922
   973.380000  0.188381
   975.650000  0.288234
   977.910000  0.359294
   980.180000  0.174789
   982.440000  0.276459
   984.710000  0.274446
   986.970000  0.274532
   989.240000  0.310534
   991.510000  0.360105
   993.780000  0.177074
   996.050000  0.230413
   998.320000  0.219968
  1000.590000  0.278126
  1002.870000  0.178263
  1005.140000  0.323934
  1007.420000  0.294244
  1009.690000  0.237241
  1011.970000  0.174021
  1014.250000  0.198556
  1016.520000  0.207152
  1018.800000  0.236325
  1021.080000  0.101232
  1023.360000  0.289047
  1025.650000  0.165297
